16
7 17 23 24 25 26 83 89 90 91 92 93 94 97 98 99 100 101 335 337 338 339 358 359 360 361 362 363 365 366 367 368 369 370 371 372 373 374 375 376 377 379 380 382 388 391 392 393 394 398 400 910 911 912 913 914 915
4 27 28 65 66 67 69 70 71 72 73 86 87 88 103 104 105 106 107 108 109 110 257 258 259 260 261 262 263 264 265 266 267 268 269 270 271 272 273 274 275 276 277 278 279 280 281 282 283 284 285 286 287 288 289 290 298 299 301 352 353 354 355 356 357 364 410 413 414 415 416 417 418 419 420 421 422 423 424 425 426 427 428 429 430 431 432 433 434 435
9 102 111 112 113 114 115 117 395 396 397 399 401 402 403 404 405 406 407 408 409 411 412 436 437 438 439 440 441 442 443 444 445 446 447 448 449 450 451 452 453 454 455 456 457 458 459 460 461 462 463 464 465 466 467 468 470 471 472 490
10 32 33 34 119 120 128 129 131 132 133 134 135 136 137 138 139 140 141 142 143 152 513 514 515 516 517 518 519 522 523 524 525 526 527 528 529 530 531 532 533 534 535 536 543 544 545 546 548 551 552 553 554 555 556 557 558 559 560 561 562 563 564 565 566 567 568 570 571 572 574
31 116 118 121 122 123 124 125 126 127 130 469 473 474 475 476 477 478 479 480 481 482 483 484 485 486 487 488 489 491 492 493 494 495 496 497 498 499 500 501 502 503 504 505 506 507 508 509 510 511 512 520 521 537 538 539 540 541 542 610 611 612
8 29 30 39 147 149 150 151 153 154 155 156 157 158 159 389 390 547 549 550 586 587 588 589 590 591 593 594 595 596 597 598 599 600 601 602 603 604 605 606 607 608 609 613 614 615 616 617 618 619 620 621 622 623 624 625 626 627 628 629 630 631 632 633 634 635 636
40 95 96 160 225 226 378 381 383 384 385 386 387 637 638 639 640 641 642 643 644 645 646 647 648 649 650 662 663 664 681 682 683 684 898
12 35 144 145 167 173 174 175 176 177 178 179 180 181 182 183 184 569 573 575 576 577 578 579 580 582 585 695 696 697 698 700 701 702 703 704 705 706 707 708 709 710 711 712 713 714 715 716 717 718 719 720 721 722 723 724 725 726 727 728 729 730 732 733 734 735 746 747 748 749 750 751 752 754
47 48 49 50 187 188 189 190 191 192 193 194 195 196 743 753 755 756 757 758 759 760 761 762 763 764 765 766 767 768 769 770 771 772 773 774 775 776 777 778 782 784
13 14 36 37 38 44 146 148 161 162 163 164 165 168 169 170 171 172 222 581 583 584 592 659 661 665 666 667 668 669 670 672 673 674 675 676 677 678 679 680 685 686 687 688 689 690 691 692 693 694 699 731 804
11 43 45 46 51 52 166 185 186 197 198 199 200 201 202 203 204 205 206 207 208 209 219 220 671 736 737 738 739 740 741 742 744 745 779 780 781 783 785 786 787 788 789 790 791 792 793 794 795 796 797 798 799 800 801 802 803 805 806 807 808 809 810 811 812 814 822 823 824 825 826 827 828 829 830
15 41 54 55 56 210 211 212 213 215 216 217 218 232 821 831 832 833 834 835 836 837 838 839 840 841 842 843 844 845 846 847 848 849 850 852 853 854 855 856 857 858 859 860 861 869 870 871 872 873 874
2 42 57 58 221 223 224 227 651 652 653 654 655 656 657 658 660 813 815 816 817 818 819 820 875 876 877 878 879 880 881 882 883 884 885 886 887 888 889 890 891 892 893 894 895 896 897 899 900 901 902 903 904 905 906 907 908 909 921 922 925 943
1 5 6 18 19 20 21 68 74 75 76 77 78 79 80 81 82 84 85 239 243 291 292 293 294 295 296 297 300 302 303 304 305 306 307 308 309 310 311 312 313 314 315 316 317 318 319 320 321 322 324 325 326 327 328 329 330 331 332 333 334 336 340 341 342 343 344 345 346 347 348 349 350 351 946 947 960 961 962
3 16 22 228 229 230 231 233 234 235 236 237 238 240 241 242 250 323 863 864 865 866 867 868 916 917 918 919 920 923 924 926 927 928 929 930 931 932 933 935 936 937 938 939 940 941 942 944 945 948 949 950 951 952 953 954 955 956 957 958 959 963 964 965 966 967 968 969 970 971 973 992 993 994
53 59 60 61 62 63 64 214 244 245 246 247 248 249 251 252 253 254 255 256 851 862 934 972 974 975 976 977 978 979 980 981 982 983 984 985 986 987 988 989 990 991 995 996 997 998 999 1000 1001 1002 1003 1004 1005 1006 1007 1008 1009 1010 1011 1012 1013 1014 1015 1016 1017 1018 1019 1020 1021 1022 1023 1024
