1381
11
12 13 14
45 46
52
55
59 60 61
140 141 2255 5747 6538
144
145 146
200 201 202 1965
206 207 2058
208
240
265 266 267
268
274
280
297 298
299
327
328
343 344
345
372
375
380 381
398 399
402
413
428
432
439 440 441 6528
462
463
526
581 582
594
598 599
610
635
639 640
661
668 669
273 670
682
697 698 1399
712
732
770 771
781
806
808
809
822 823
849 850
879
891
897
905
914
915 916
920
981
1003
1012 1013
1031
1035
1045
1046 1047 1048 1049 3705 6026
1070 1071 1072
1080 1081 1082
1102
1133
1137
1139 1140 4947
1145
1147
1154 1155 1156 1157 1158 1159 1160 1161 1162
1179
1183
1205 1206 1207 6587
1215
1216 1217 1218 6359
1233
1239
1262 1263 1264
1270
1271 1272
1283
1287 1288
1301
1302
1335
1346
1349
1351
1358 1359
1360
1365 1366
1394
1427
1431 1432
1434
1437
1445 1446 1900
1451
1473
1484
1497
1529 1530
1531
1573
1599
1605
1633
817 1637
1655
1682
1683
1684
1709
1726
1731
1735
1741
1744
1766 1767
1568 1569 1730 1733 1768
1774
1776
1810
1033 1034 1211 1212 1814 4065
1839
1848 1849
1863
1868
1871 1872
1875
1878 1879
1903
1906 1907 1908 3078 3079 4175
1927 1928
1942 1943 1944 1945
1961
1971 1972 1973
1974
1975
1976
1980
2009
2017 2018 2019
2029
2035 2036
1470 2039
2051
2059
2060
2062 2063 2064
2076 2077 2078
2092 2093
2130 2131 2132 2133 2134
2150 2151 6596 7411
2156
2169
2177
2178
2179
2186
2190
2197 2198
2202
2226
2227 2228
2230
2241 2242 2243
2244
2245
2248
2250
2251
2264
1995 1996 1997 2284
2290
2291
2293
2311 2312 2313
2316
2323
2329
2330 2331
2341
2353 2354
2362 2363
2338 2369
2371 2372
2373
1742 1743 2389 2390 2391 3687 6358
2395
876 2399
2413 2414 2415 3195
2416 2417
2429
2435
2443
2445
2447
2458
2459
2462
2465
2468
2474 2475 2476
2477 2478 2479 6311 7635
2481 2482
2491 2492 4394
2318 2495 5670
2496
2497
2500
2507 2508
2522
2384 2385 2523
2525 2526
2533
2537
2540 2541
2044 2045 2545
2550 2551 2552 6121
2553
2560 2561 7311
2564
2575
2576 2577
2580
2589 2590
2603
2434 2606
2608 2609
2610
2631
2634 2635 6168
2637 2638 4586
2647
2648
2655
2657 2658 2659
2661 2662
2671 2672
2673
1040 2674
2678
2685
2688
2699
1086 2700 4890
2701
2705 2706 2707
2715 2716
1052 2717
2726 2727
2728 2729 8109
2731
2732
2734
2739
2740 2741
2742 2743 2744 3661
2751 2752 2753 2754 6274 6275
2757
2763
2765
2768
2770
2772
2776
2777
2793
1594 2794 6826
2802
2805 2806 2807
2834
2841 2842 2843 2844
2851
2860
2863
627 2864
2876 2877 2878 2879 2880 2881 2882
2884 2885
2664 2887
2892
2901
2916
2919 2920
2921
2922
2925
2926
2929
2949 2950
54 2954 2955
2956
2961
2628 2629 2963
2964
2978
2979
2981
2982
2988
2996
3008 3009 3456
3018
3024 3025 3026
3027 3028 4945 6179
3030 3031
3032
3039
3046 3047
3022 3023 3070 3071
1707 1708 2711 3089 7574
3109 3110
3111
3113
3115
3116 3117
3121
3124 3125 3126 4149 5453
3129
1231 1232 3139
3156 3157 3158 3159 7243 7244
2110 3162 7356
3169
3170
3175 3176
3188 3189
3196
2216 3210
2122 2123 3215
3220
3221 3222
3228
3232
3233
3235 3236
3246 3247
3248 3249
3252
3265
3278
3283 3284
3301 3302
3317 3318 3319
3326
3327
3334
3337 3338
3341
3348 3349
3356 3357
3370
3376
1246 3385 6472
3399
3414
3420 3421 3422
2572 3426
3434 3435
3439
3444
3481
3493 3494
3495
3499
3510 3511 3512 3516
3519
3522
749 3528 3529
3538 3539 3540
3541
356 357 3543 3544
3550
3555 3556 4634 5027
589 3557
1800 3562
3567
3568 3569
3572
3581
3584
3588 3589
3593
3601
3605 3606
3616 3617
3618
3619 3620
3624
3625 3626 3627
3637 3638 3639 3640
3649
3654 3655 3656 6769
3659
3660
3663 3664
3666
3671
3672
3682 3683
3685 3686
3693 3694 3695
3700
3703
2565 2566 3704 6169
3709 3710
3711 3712
3726
3727
3728
2231 3742 7907
3755
3764
3772
3781
3789 3790
3793
3794 3795
3797
3799
3828
3845
3846
3847
3853
92 1614 3872 3873 7811 7899
3910
3048 3913
3914 3915
3917 3918
3920 3921 3922 4978
3927 3928
3929
3930
3934
3942
3944
3953
3954
3955 3956 3957
903 904 3963
3973
3974
3975
3978
3987 3988
3996 3997
1841 3999 4000 4927
4007 4008
4009
4014
1364 3088 3361 4044 4045 6136
1651 1652 4055
4059
4085 4086 4087 7819
4099
4115 4116 4117 7886
4134
4142 4143
4147 4148
1321 4153
4172 4173
4176 4177
4191 4192 4193
4200
2519 2520 2521 4207 4208 4412
2473 4209
4213
4226
4228 4229
4235 4236
4238 4239
4247
3003 4248 4273
4251
4258
4261
1326 2535 4263
4281
4282 4283 4284
4292
4295
4300
4307
1230 1653 1654 2649 4314 4316 4317 7655
4325 4326 4327 4328 6261
4350 4351 7362 7363 7409
4353
4360 4361
4371
4385
4398
2579 4402
4409
4415
4419
1361 1362 1363 3218 4436 4437
4439
4441 4442
3629 4443
4446
409 410 411 4463 4464 4465 7583
4479 4480 4481 4482 8165
4492
4498
4511
4512
4521
4527
4532 4533 4534
4535
4552
4557
4562 4563
4572
471 472 4575
4588
4590 4591
4595
4599
4605
2502 4615 8035
4629
4635
4637
4659
4662
4663 4664 4665 4666
4669
4671
4672
4682
4707
4713
4720 4721
4722
4723
4728
4732
4738
4740
4741 4742 4929
1382 1383 3262 4749
4762
4765 4766
4770
4771 4772 4773
4775 4776
604 2643 3488 3489 3490 4777
4787
4807
4808 4809 4810 5405
4815 4816
4821
2973 2974 3261 4835
4843
4844 4845
4851 4852
4838 4839 4853 5605
152 4856
4860 4861
4862
4863
4864
4872
4881
4887 4888
1083 4896 6656 7251
4897
4910
3425 4914
2400 2401 2402 3432 3433 3459 3460 4915 8307
4921
4922
3574 3575 4930 5674 8288
4940
4941 4942
4943
4597 4598 4953
4958 4959
4961
4980 4981
1993 2072 2073 4989
4997
4998
4999
5012
5016 5017
5021
5031
5042
5043
5057
5058
5059
5061
2872 5100
3743 5108
5112
5125
190 191 1261 5141
1347 5146
5155
5159
5167 5168
5169 5170
5174
5185 5186 5644 5645 6634
5196 5197
5198 5199
5203
5204 5205
5207
5208 5209
5213
5214
3263 5221 5222
5223
5241
3552 5242 5354
5246
5249
5252
5254
1471 1472 5262 5263
5266
1235 1236 5267 7058
5281 5282
5284 5285
5289
5290
5295 5296 5957
5301
5302
5306
5309
5310 5311 6623
3012 3013 5312
5313
5320 5321
5322
3713 5334
5339
5340 5341 5342 5452
5346
5347 5348
5359 5360
5361
5366
5367
5369
5371 5372
5379
5390
2943 5408
5413
5415
5418
5426
5432
5434 5435
5438
5439
5442
5444
5454 5455 8224
5458 5459
5470
5473
800 801 3735 5475
5476
5477
5480 5481
5483 5484
3546 3547 5489
5490 5491
5494
5495 5496
5500
3250 5502
5503 5504
5514
5515 5516
5524 5525 5526 6666
5417 5527
5532
5536 5537 5538
5541 5542 5543
5544
5547
5549 5550
5553 5554
5556 5557 5558 7408
5560
5561 5562 7014 7015
5563
5564
5565 5566
1638 1639 4022 5573
5589
5598 5599
5497 5498 5600
5603
5604
5612
5616
3461 3462 5619
5621
3178 3179 3180 3181 3608 3609 5624
5628
5629
5641 5642
5646 5647 5648
5661
5662
5663
5686
5708
5710
5712
5715 5716 7021
3926 5717
5721
5724 5725 5726
5727
5739
4519 5744
5758
5764
4764 5765 5929
5771 5772 5773
4355 4356 4920 5775
5791
3980 5796
5801 5802 5803 6053 6054
5804
5812
5813
5820 5821
1624 5825 5826 5958
5834
5849
5859
5864 5865 5866 5867
5870
5873
5875
313 314 5881
4114 5894
5895
4501 5896
5897
4395 5898
5903
5906
2829 5912 5913
5915
5388 5918
5919
5924
5926
5934
1063 1064 1065 1066 1914 2975 3076 3523 3524 3525 3621 4305 5256 5731 5732 5733 5938 5939 5954 6263
846 5943
5949
2488 3090 3091 3336 5950 5951 7302
5955 5956
5959
5966
5975
5978 5979 5980 5981 7910
5987
5995
6002
6004 6005
6009 6010
6014
2294 2295 2296 6019 6020
6033 6034
6049
4824 4825 4826 6050
6055 6056 6057 7719 8096
3553 3554 3931 6058
6061
6071
5062 5063 5064 5065 5792 6075
6082
6089 6090 6091
6098
6099
6101
6115
6120
6123
6127
6128
2444 6140
6150
6156 6157
4670 6159 6160 6829
6161 6162 6163
1421 1422 1423 1426 1720 5429 5430 6165 7744
6171
6173 6174
6175
6186
2249 6200
6202
6203
6221 6222
6226
6230
6231 6232
6236 6237
2185 6239 6240
6243 6244
6245
6253 6254
6255
4818 5591 5860 6256
6257 6258
6259
6270
4169 4170 4621 5843 6012 6271
6273
6278
6281
6286 6287
6289
5780 6293 6294 6295 8021
6312 6313
6319 6320
4438 6322
6324
6078 6079 6333
578 579 580 3508 3509 6338
6343 6344
6348
4427 6349
2125 2126 4578 6350
4279 6364
6366
6368 6369 6370
6376
6380 6381
6394
6395
760 6398
6401
6402
6134 6408
6412
6415
1374 1375 1376 6416 8186
6417 6418
6420
3802 3803 3810 3811 3812 3813 6423
4069 5181 5182 6241 6424 7078
6426
6437
6438
6439
6441
6443 6444
6446 6447
603 6448
6449
6454
2906 2907 2927 2928 6455
6462 6463
6464 6465
6475
3457 3458 4596 6488
6498
6499 6500
5817 6502 6503
6485 6486 6506
6508
6511 6512
6516 6517 6518 6519
6521
683 5229 5230 6533 6534 6535 8296
6539
6540 6541 6542 6543
6548 6549 6550 6551
6553
6555
4259 6559
6563
6567
2154 6572
6451 6574
6575
6576
626 6584 6585 6586
6590
6593
6595
4302 6597
6598
6607
6609
6610 6611
6612
6613 6614
6164 6617
6621 6622
6624
6630 6631
1636 6638
6642 6643
6648
6649
5819 6650
6655
6658
6663
6670 6671
2697 2698 6675 6676 6677
6679 6680
6703 6704
6706
4339 6707
6711
6714
6719 6720
3260 3270 3271 4969 5153 5154 6695 6696 6697 6722 6723
6732
6733 6734
6735
6736
6742
6744
6748 6749
6755
6758 6759 6760
6764 6765
6770
6774 6775
6781 6782
6789
6790 6791 6792 6793 6794 6795 6796 6797 6798 6799 6800 6801 6802 6803 6804 6805 6806 6807 6808 6809 6810 6811 6812 6813
6814
6816
6820 6821
6822
6823
6828
6837
6838
6839 6840
6842
6767 6843 6844 6845 6846
1429 1430 6853
6855 6856 6857 6858
6859
2423 4242 6862
560 561 6864
6874 6875
5945 6881
6882
6883
6886
6898
6903
6906
6907 6908 6909
6910 6911
6912
6914
3325 6915 6916
6921 6922
6924
6925
6930 6931 6932
6939
6942 6943
6948 6949
6952
6955
3776 3777 3778 4080 4081 5324 5325 6201 6339 6340 6341 6342 6956
6957 6958
5162 6962
6968
6951 6954 6964 6965 6969
6978
6992
6995 6996
7004
7008
7012
665 666 667 3791 3792 5985 5986 7013
7016
7019 7020 8094
7022
7023
7024
5259 5260 7027 8008
7031
7035
7037 7038
7040
7044 7045 7046
7047 7048
7056 7057
7063
7067 7068
7073
7076 7077
7083
7086 7087
7088
2420 5447 7089
7091 7092
7095
7097
7098 7099
6473 6474 7103
7109 7110 7111 7112 7113
7118
7121
7124
7126 7127
7128
863 864 865 3455 5841 5842 6069 7135 7136
7150 7151
7161
7162
7164 7165
5406 7167
7173
7177
7187
7190 7191
7199
7205
7206
7208
6249 6250 6251 7210
7220 7221
7224
7226
7227
7228 7229
7236 7237
1704 7240
7241
7245
6310 7256 7257 7258
5110 7261 7265 7266
7275
6570 7281
7289
4719 7295
7304
7305 7306
7307
7309
7312 7313
7315 7316
2471 2472 5654 5655 5656 7326
7329
4576 7330
7332
7335 7336
7340
7341
7344
1734 1876 1877 2845 2846 4016 4021 7354 7355
7370
7379 7380 7381
6144 7387
7391
7122 7398
7399
7402
7404
237 238 239 3732 4113 4524 7168 7405 8345
1520 1524 1525 7406
7407
7412
112 113 209 210 211 1492 1493 2016 2181 2182 2758 3862 3900 4121 4710 4780 4781 4869 4892 4893 4951 5073 5074 5121 5122 5964 5965 6141 6345 6346 6347 6702 6970 6971 6997 7415 7802 8194
7417 7418
7422
7424
7425
476 2469 2470 5530 5531 7435 7436
7437 7438
7439
7444
7447
7448 7449
4873 7450 7451 7452
7456
7458
7461
7465 7466 7467
7468 7469
7478
7479
7480 7481
7487
7491
7493 7494 7495 7496
7501
1401 1402 1403 5594 7502
7503
7504
7506
7507 7508 7509
7511 7512
7514
1644 7519
7521
7522
1441 1442 7523 7524
6984 6985 7025 7525 7526 7527
7528 7529
7535 7536 7537 7538
7181 7542
7549
7550
1929 7551
7553 7554
7555 7556
7562 7563
4694 4695 4696 7570 7571
7577 7578
4703 4704 7579 7580
7582
7588
7602
7603
40 42 75 78 79 176 420 483 484 491 492 494 495 496 558 673 674 675 724 765 766 788 883 1019 1020 1074 1075 1164 1184 1185 1188 1255 1339 1340 1453 1494 1549 1584 1588 1711 1764 1799 2056 2057 2106 2107 2108 2138 2139 2305 2405 2406 2407 2600 2601 2611 2612 2613 2616 2745 2767 2942 2953 2957 2987 3057 3058 3066 3127 3149 3276 3298 3377 3411 3427 3436 3437 3442 3443 3688 3752 3911 3919 4054 4152 4160 4201 4202 4203 4204 4205 4206 4214 4240 4241 4277 4432 4433 4476 4495 4515 4668 4751 4814 4827 4828 4858 5032 5035 5078 5113 5114 5115 5178 5179 5250 5257 5308 5314 5315 5337 5448 5460 5508 5523 5622 5634 5636 5637 5735 5737 5788 5833 5840 5844 5914 5933 6003 6036 6037 6038 6039 6040 6077 6185 6195 6196 6199 6292 6296 6302 6316 6580 6778 6860 6873 6933 7030 7114 7115 7125 7197 7286 7348 7373 7374 7606 7746 7991 8054 8177 8178 8212
7609 7610
7617
7620
7622
7627
7632
6224 6225 7634
7643
7644 7645 7646
7647
7653 7654
7659
7664
7665
590 591 592 593 1333 2418 2419 3382 3699 3869 3870 3871 4491 5225 5238 5436 6285 7667 7668 8080
7670 7671
7673
1322 7676
5766 7678
109 110 203 204 205 323 424 425 426 427 633 634 676 677 807 843 844 845 866 867 946 1032 1058 1059 1060 1136 1141 1142 1143 1144 1148 1291 1415 1448 1449 1664 1732 1750 1840 2277 2278 2314 2315 2342 2367 2870 2871 2899 3128 3190 3346 3347 3702 3747 3825 3831 3832 3833 3854 3958 4060 4089 4171 4536 4592 4609 4683 4714 4715 4726 4984 5066 5067 5068 5414 5831 5845 5858 5861 6067 6068 6288 6360 6588 7061 7062 7292 7299 7337 7485 7486 7618 7619 7680 7681 7699 8229
7682
7688
7689 7690
7695
7697
7700
2490 7703
295 296 4857 7706 7707
3251 7711
7712
5486 5487 5885 5886 5887 7714
4097 4098 5375 7718
7726 7727 7728
7735
7739 7740
7743
5937 7747 7748 7749
7751 7752
1 7765
786 7768
7773 7774
7296 7775 7776
7777 7778
7779
7780
1000 1001 1002 1014 1015 1016 1228 1229 1243 1244 1507 1508 1509 2325 2534 3103 3104 3165 3166 3463 3497 3498 3502 3598 3641 4050 4051 4337 4357 4358 4359 4373 4410 4411 4564 4565 4593 4594 4691 4865 4866 4994 5038 5039 5040 5685 5741 5742 5743 5808 5907 6031 6042 6085 6097 6116 6390 6391 6721 7029 7116 7725 7784 8072 8247
7785
508 509 7789
7792
47 48 158 222 223 331 332 333 352 353 354 355 501 532 533 534 618 619 620 718 719 720 795 838 839 840 885 943 944 965 966 991 1087 1088 1089 1090 1091 1165 1234 1348 1370 1371 1372 1373 1460 1461 1463 1517 1583 1604 1648 1649 1650 1714 1856 1915 1917 1918 1919 1920 1925 1926 2042 2043 2081 2105 2409 2675 2693 2694 2695 2696 2724 2725 2923 2924 3038 3227 3287 3303 3304 3305 3313 3381 3517 3545 3723 3753 3760 4010 4011 4056 4157 4304 4343 4379 4421 4529 4530 4531 4667 4717 4724 4725 4840 4884 4885 4923 4948 5033 5046 5269 5377 5378 5409 5445 5446 5602 5868 5871 5872 5908 5963 5990 6076 6135 6187 6223 6262 6337 6361 6399 6459 6687 6830 6884 6920 6940 6941 7002 7070 7071 7093 7213 7357 7540 7793 7857 8176
7797 7798
4918 7196 7520 7799 7800
7801
7810
7812
7818
149 150 151 394 395 396 908 909 910 1180 1189 1281 1282 1292 1293 1294 1589 1590 1990 2095 2272 2273 2317 2411 2412 2602 2614 3040 3205 3206 3394 3396 3397 3415 3428 3429 3592 3780 3861 3898 4651 4652 5051 5111 5299 5474 5789 5790 5976 6208 6209 6217 6218 6219 6238 6356 6453 6591 6698 6699 6700 6743 6745 6877 6891 7036 7267 7419 7604 7790 7820 7924 8120 8235 8236 8324
7823 7824
7825 7826
7827 7828 7829
7830
7831
7833 7834
7835
29 30 31 696 743 775 933 1024 1265 1318 1481 1562 1563 1564 1574 1575 1576 1630 1688 1690 1691 1692 1693 1855 2288 2297 2298 2299 2430 2431 2432 2524 2710 2905 2985 2993 2995 3344 3430 3518 3594 3868 3969 4036 4042 4219 4470 4471 4472 4497 4600 4718 4759 4970 5210 5279 5546 6102 6107 6291 6672 6708 6709 6710 6715 6730 6868 7090 7278 7333 7541 7621 7683 7741 7838 7969 8160 8173
7841
7848
7575 7576 7843 7844 7845 7846 7849 7850 7851
7852
7853
2061 7861
7862
7866
7868
7869
3690 3691 3692 4622 4736 7870
7872
1356 1357 3216 3217 4020 5171 5172 5173 6520 7569 7873
7876
7877
7880
3503 3504 3505 3506 3507 5234 5235 5236 5237 7564 7565 7887 7888
89 115 117 132 133 183 184 213 221 234 241 243 291 445 447 448 459 460 461 478 479 480 481 502 510 586 587 588 597 622 623 624 625 632 730 731 1039 1173 1174 1175 1176 1190 1191 1202 1203 1223 1367 1368 1385 1389 1506 1570 1571 1572 1591 1592 1627 1628 1629 1827 1828 1847 1966 1967 1968 1984 1985 1988 2015 2085 2146 2274 2374 2375 2554 2555 2587 2633 2646 2774 2826 2840 2946 2958 2959 2960 2966 2992 3123 3193 3257 3258 3273 3274 3296 3297 3320 3321 3324 3379 3380 3413 3424 3468 3473 3611 3676 3706 3733 3851 3852 3866 4012 4013 4039 4040 4061 4136 4139 4182 4183 4340 4348 4376 4630 4655 4746 4799 4800 5004 5105 5106 5124 5128 5158 5211 5272 5303 5304 5318 5326 5387 5407 5440 5580 5581 5653 5852 5899 5917 5946 5947 6028 6114 6122 6125 6126 6137 6138 6139 6183 6184 6189 6190 6284 6362 6363 6434 6435 6468 6469 6481 6487 6505 6557 6573 6636 6637 6751 6752 6863 6945 6972 7051 7064 7142 7183 7192 7291 7350 7359 7360 7361 7500 7595 7616 7649 7734 7783 7815 7816 7817 7890 7891 7919 7936 7960 7975 8004 8116 8225 8255 8327
7895
7896
287 614 791 794 1004 1416 1419 1420 1532 1550 1551 2013 2302 2303 2722 2723 2835 2836 2893 2894 2895 3064 3097 3182 3184 3185 3186 3187 3224 3225 3226 3339 3340 3366 3412 3440 3513 3514 3515 3614 3633 3634 3678 3679 3716 3820 3821 3877 4344 4387 4388 4468 4469 4507 4508 4829 4901 5005 5085 5091 5092 5093 5548 5713 5714 5874 5940 6234 6329 6357 6657 6904 6905 7219 7254 7255 7400 7631 7666 7855 7867 7898 7900 8313
6328 7901
7905
7908
3642 3643 4450 7911 7912
7915 7916
7917
7421 7918
7922
66 715 716 717 726 727 779 780 828 829 830 836 837 1192 1200 1276 1443 1447 1641 1642 1739 1740 1796 1797 1798 2088 2089 2187 2188 2283 2440 2441 2442 2527 2528 2556 2625 2626 2627 2733 2773 3000 3001 3002 3108 3163 3164 3198 3241 3242 3243 3383 3398 3410 3565 3566 3591 3612 3822 4154 4155 4254 4255 4256 4347 4413 4422 4493 4626 4702 4757 4936 4937 4946 5103 5104 5273 5274 5275 5386 5461 5462 5463 5499 5613 5660 5728 5729 5730 5822 6025 6282 6283 6375 6387 6407 6480 6495 6531 6589 6754 7146 7147 7262 7586 7587 7656 7657 7661 7794 7925 7926 8056
7928
111 235 259 260 488 767 820 821 927 952 953 954 1657 1834 1854 1921 1922 1923 1963 2173 2174 2340 3329 3479 3480 3535 3536 3906 3907 3967 4057 4174 4199 4451 4452 4522 4560 4709 4817 5482 5671 5672 5673 6176 6177 6178 6442 6565 6936 7623 7624 7625 7626 7885 7921 7930 7931 7932 8240 8311
7933
7934
7935
7937
7943
7944 7945
7950
57 58 292 293 339 340 346 347 348 349 350 422 423 893 958 959 1237 1238 1635 1835 1836 2079 2080 2398 2771 2934 3419 3563 4096 4106 4107 4286 4287 4288 4406 4466 4496 4711 5160 5467 5468 5618 5734 6110 6403 6646 6878 6880 7327 7358 7420 7641 7863 7902 7903 7904 7927 7951 7952 7953 7954 8033 8034
7955
7957
7958
7961
7962 7963 7964 7965
7976 7977 7978
7979
34 35 116 118 246 247 248 288 289 290 376 465 474 475 550 757 764 789 793 857 858 947 948 961 962 1084 1085 1119 1126 1127 1128 1201 1204 1410 1411 1413 1414 1433 1553 1613 1643 1660 1679 1680 1681 1702 1904 1957 2148 2149 2152 2153 2157 2158 2159 2180 2355 2466 2509 2510 2511 2592 2599 2607 2620 2651 2652 2718 2719 2720 2867 2909 2910 2911 2937 3015 3016 3105 3106 3107 3112 3132 3148 3207 3213 3364 3365 3386 3622 3669 3717 3718 3722 3815 3816 3817 3818 3819 3887 3888 3948 3949 3970 3971 3981 4015 4070 4071 4072 4197 4318 4319 4320 4352 4448 4449 4453 4454 4503 4573 4574 4653 4747 4748 4779 4902 4924 4925 4949 4952 4965 5019 5028 5029 5047 5089 5090 5094 5095 5096 5098 5109 5142 5190 5191 5193 5232 5233 5291 5349 5419 5420 5421 5456 5567 5585 5586 5601 5711 5748 5777 5810 5838 5876 5878 5916 5923 5936 5993 5994 6070 6106 6153 6181 6246 6247 6267 6268 6269 6299 6336 6413 6414 6431 6524 6665 6776 6777 6784 6894 6967 6998 7011 7054 7055 7079 7138 7159 7175 7200 7201 7276 7277 7290 7300 7386 7389 7428 7539 7557 7558 7662 7733 7980 8103 8218 8297
4729 4730 4731 7981 7982
7988
2 3 103 214 387 388 389 405 431 551 552 553 554 606 607 608 671 680 854 855 856 882 971 972 973 992 993 994 1240 1279 1280 1771 1891 1981 1982 1983 2014 2115 2116 2117 2183 2223 2292 2396 2546 2585 2785 2838 2852 3200 3345 3391 3491 3630 3631 3632 3766 3893 3894 3908 3909 3972 4031 4032 4265 4266 4298 4299 4467 4483 4513 4550 4551 4616 4956 4957 5010 5075 5076 5101 5102 5129 5247 5251 5466 5570 5571 5664 5750 5829 5830 5882 5932 6016 6017 6018 6212 6297 6317 6318 6354 6400 6456 6592 6644 6682 6786 6787 6900 6944 6953 7026 7195 7293 7342 7382 7383 7441 7530 7532 7546 7691 7692 7767 7787 7808 7809 7832 7986 7989 8159 8258 8259 8306 8330 8331
7992 7993
7996 7997
7998 7999 8000
8005
76 77 108 134 153 369 370 390 391 392 393 436 437 630 663 728 729 776 831 832 871 900 901 902 1149 1151 1226 1248 1249 1352 1435 1436 1503 1504 1505 1533 1534 1535 1595 1916 1986 1992 2020 2021 2236 2237 2263 2279 2383 2421 2422 2483 2516 2529 2632 2749 2755 3172 3328 3331 3332 3373 3374 3375 3548 3549 3570 3571 3595 3901 3979 4006 4234 4643 4774 4876 4968 5335 5357 5394 5431 5722 5723 5736 5888 5889 6105 6309 6409 6513 6515 6674 6756 6871 6872 7003 7145 7169 7207 7440 7477 7633 7639 8011 8012 8244 8254 8326
8014 8015
3714 3715 8017 8018
1132 1417 1418 1670 1671 1672 1673 1674 2090 2091 2140 2410 2484 2485 2486 2542 2654 2676 2677 2680 2748 2896 3014 3080 3081 3082 3083 3084 3085 3086 3197 3211 3212 3582 3796 3848 3849 3850 4312 4313 4382 4383 4539 4540 4541 4542 4543 4568 4569 4570 4690 4797 4798 4909 4979 5596 5597 5745 5809 6213 6421 6606 6701 7075 7238 7314 7319 7416 7724 7738 8019 8022 8023
271 272 305 306 311 361 362 382 747 748 1095 1096 1097 1098 1099 1100 1153 1181 1386 1521 1522 1811 1935 2082 2083 2084 2215 2796 2797 2798 2818 2971 2972 3068 3138 3293 3342 3343 3358 3416 3482 3483 3530 3657 3708 3734 3858 3859 3904 3905 4066 4180 4210 4308 4310 4459 4460 4461 4510 4678 4679 4680 4850 4960 4982 4995 4996 5022 5298 5433 5522 5533 5552 5669 5705 5706 5707 5768 5847 5960 6000 6142 6143 6211 6365 6419 6422 6773 7039 7152 7320 7321 7322 7892 7893 7894 8020 8030 8187 8287
8038
8039
8043 8044
8045
8049
8050
8053
8057 8058
8062
8063
8066 8067
9 195 196 197 198 199 511 512 600 796 797 798 853 984 985 1018 1114 1115 1120 1121 1122 1275 1289 1290 1313 1314 1315 1487 1542 1616 1758 1759 1760 1761 1791 1830 1901 1954 1955 1987 2008 2262 2289 2756 2783 2799 2888 2889 2890 2915 2951 2952 2970 2998 3135 3161 3255 3256 3282 3596 3597 3724 3725 3746 3950 4102 4111 4112 4220 4221 4244 4245 4321 4322 4399 4400 4401 4802 4803 4834 4913 5041 5216 5268 5288 5316 5465 5587 5588 5608 5757 5759 5760 5798 5818 5848 5968 5983 5996 5997 6006 6032 6314 6432 6433 6484 6705 6866 6867 6879 6927 6928 6929 6986 7069 7101 7102 7139 7235 7242 7253 7371 7568 7721 7722 7742 7842 7875 7923 7929 7949 8042 8073 8097 8226 8230 8267
217 329 377 378 707 708 833 834 835 859 1073 1117 1552 1723 1892 1964 2054 2055 2213 2214 2336 2337 2506 2514 2515 2518 2679 2812 2848 2912 3492 3745 3977 4001 4017 4018 4677 4733 4934 5006 5007 5053 5079 5080 5082 5376 5488 5643 5884 5972 6022 6552 6616 6901 6902 7218 7222 7369 7377 7378 7497 7498 7630 7737 7803 7804 8037 8078
307 308 309 310 615 617 704 1118 1309 1485 1699 2040 2041 2304 2536 2593 2780 2908 3389 3390 3500 4088 4333 4334 4689 4793 4794 5687 5688 5689 5690 5691 5692 5693 5694 5695 5696 5697 5698 5699 5700 5701 5702 5703 5704 6220 6242 6659 6693 6694 6718 7393 7394 7650 8082 8127
218 236 886 887 976 977 978 1103 1107 1108 1109 1110 1111 1112 1113 1456 1561 1696 1697 1698 1886 1887 1912 1913 1947 1948 3042 3352 3353 3354 3355 3559 3891 3941 4331 4332 4377 4403 4404 4405 4416 4627 4823 5472 5518 5574 5631 5752 5807 6227 6228 6603 6739 7137 7230 7231 7232 7233 7234 7715 7716 7723 7786 7795 8085 8086 8271 8312 8328 8329
8087 8088 8089
8092 8093
8095
8098
8099
8100 8101 8102
8104
7648 8105
8106
269 270 315 316 317 320 321 322 365 366 367 368 386 686 740 741 742 783 921 934 935 936 1182 1284 1285 1307 1308 1327 1428 1469 1474 1724 1725 1902 2028 2121 2339 2455 2456 2617 2737 2738 2766 2789 2825 3134 3199 3245 3315 3405 3406 3407 3423 3449 3450 3526 3527 3560 3561 3615 3707 3782 3886 4019 4237 4706 4756 4760 4769 5023 5072 5271 5383 5385 5479 5657 5799 5909 5910 6158 6216 6731 6895 6973 7163 7463 7660 7679 7920 8036 8059 8060 8107 8110 8111
6440 8108
8114
8115
8117
8123
8125
6896 8130 8131
8139 8140 8141 8320
8142 8143 8144 8145 8146
1885 8151
8153
8158
8162 8163
22 37 38 39 43 63 65 68 69 93 94 106 137 138 165 166 167 168 185 188 189 192 193 227 277 278 330 334 335 371 415 449 485 489 490 544 545 559 605 621 656 662 733 734 736 738 752 772 792 810 811 812 819 872 873 874 875 880 881 884 913 923 924 925 930 945 955 956 990 995 996 998 999 1101 1146 1186 1252 1260 1274 1295 1296 1316 1317 1331 1332 1350 1392 1462 1496 1515 1516 1540 1541 1565 1601 1602 1603 1617 1618 1619 1620 1621 1640 1645 1695 1769 1786 1787 1788 1801 1807 1829 1832 1842 1843 1845 1846 1890 1893 1894 1931 1932 1933 1934 1936 1969 1994 2001 2002 2003 2025 2026 2100 2101 2102 2109 2120 2184 2222 2229 2265 2266 2267 2327 2364 2365 2453 2461 2467 2547 2548 2567 2568 2588 2598 2775 2808 2809 2832 2833 2869 3010 3049 3069 3133 3140 3214 3237 3254 3292 3295 3300 3323 3402 3551 3610 3677 3689 3721 3750 3751 3768 3769 3779 3836 3867 3878 3879 3889 3892 3998 4028 4029 4041 4063 4064 4123 4127 4151 4158 4230 4231 4342 4474 4490 4502 4514 4517 4520 4526 4579 4585 4603 4604 4681 4752 4753 4754 4755 4833 4895 4928 4935 5060 5138 5140 5163 5164 5224 5231 5292 5293 5327 5329 5363 5370 5389 5505 5519 5610 5611 5740 5753 5761 5762 5770 5776 5793 5815 5816 5827 5942 5952 5953 5962 6021 6045 6083 6087 6117 6197 6355 6371 6392 6393 6479 6522 6578 6605 6651 6652 6876 6890 6926 6976 6977 7028 7052 7129 7130 7178 7184 7185 7186 7202 7203 7215 7223 7285 7294 7347 7351 7372 7414 7429 7510 7534 7559 7581 7750 7753 7754 7755 7756 7762 7766 7839 7879 7881 7983 8040 8048 8079 8122 8133 8134 8135 8147 8152 8161 8166 8167 8174 8180 8208 8234 8253
4135 6897 7938 8175
8179
8181
8182
8183
7154 7155 8184 8185
8189 8190 8191
8192
6983 8193
8195
324 535 536 537 631 636 637 638 664 725 847 848 898 899 1167 1168 1169 1170 1596 1626 1662 1663 1675 1676 1677 1700 1779 1818 1946 2004 2005 2006 2007 2031 2099 2161 2162 2209 2280 2285 2286 2321 2322 2446 2448 2562 2563 2597 2790 2791 2837 2868 2965 2969 3034 3035 3036 3037 3062 3067 3371 3464 3650 3665 3668 3680 3874 3951 3952 4156 4324 4349 4425 4494 4499 4545 4697 4698 4699 4700 4701 4727 4745 4822 4842 4859 4870 4871 4905 4906 4907 4908 4983 5277 5350 5356 5517 5545 5620 5824 5877 5900 5902 5941 6008 6043 6044 6191 6458 6546 6946 6947 6982 7188 7246 7455 7566 7567 7600 7758 7973 8041 8074 8124 8168 8169 8197 8198 8199
8200
8210
8211
97 98 119 120 121 122 249 250 251 252 497 583 628 912 1094 1298 1299 1300 1311 1377 1378 1379 1380 1381 1622 1669 1770 2023 2127 2128 2129 2460 2945 2994 3171 3351 3454 3542 3765 3993 3994 4043 4243 4309 4315 4323 4329 4354 4372 4426 4620 4625 4782 4837 4846 4847 4848 4854 4877 4878 4967 5143 5180 5202 5506 5507 5509 5592 6080 6374 6406 6566 6579 6627 6639 6779 7065 7171 7310 7349 7367 7375 7376 7390 7470 7972 8001 8083 8084 8214 8278 8286 8352
2160 8220
130 131 142 143 156 157 163 164 175 397 443 444 658 659 660 713 714 841 870 1010 1011 1152 1209 1213 1214 1241 1242 1536 1538 1539 1555 1556 1607 1608 1623 1727 1728 1729 1803 1804 2048 2049 2050 2276 2343 2344 2361 2370 2408 2426 2427 2428 2436 2437 2438 2439 2449 2450 2543 2645 2660 2681 2735 2861 2932 2933 2935 2936 2986 3151 3564 3603 3604 3613 3771 3829 4082 4083 4137 4138 4178 4224 4225 4250 4252 4253 4257 4389 4428 4429 4430 4431 4484 4546 4547 4607 4608 4628 4684 4966 5020 5147 5382 5540 5763 5779 5781 5782 5783 5851 5922 5971 6095 6096 6119 6129 6130 6180 6470 6492 6493 6494 6523 6526 6527 6554 6556 6583 6604 6629 6662 6667 6727 6740 6741 6854 6960 7060 7140 7141 7193 7194 7297 7410 7442 7443 7462 7572 7636 7637 7638 7663 7701 7702 7764 7837 7914 7990 8077 8081 8113 8172 8209 8221 8293
7 8 126 229 230 253 254 300 301 341 342 412 503 519 520 542 616 702 746 762 763 818 888 926 963 997 1067 1068 1069 1131 1134 1135 1247 1319 1320 1391 1412 1455 1514 1523 1544 1606 1658 1703 1781 1782 1783 1784 1882 1883 1884 1949 1952 1953 1956 1958 1959 1960 1998 1999 2000 2010 2011 2012 2097 2257 2258 2345 2346 2397 2433 2503 2574 2644 2712 2713 2714 2786 2803 2804 2819 2820 2857 2858 2865 2866 2900 3063 3072 3073 3074 3219 3290 3395 3408 3409 3647 3744 3863 3882 3883 3916 3925 3959 4005 4037 4038 4101 4195 4196 4232 4297 4386 4393 4418 4537 4673 4674 4675 4692 4737 4875 4900 4950 5025 5026 5194 5305 5402 5403 5404 5449 5450 5457 5534 5795 5811 5837 5850 6027 6029 6065 6081 6100 6118 6124 6154 6248 6692 6761 6923 6937 6938 6966 7053 7059 7134 7346 7401 7453 7454 7490 7499 7543 7561 7573 7704 7705 7729 7745 7763 7814 7882 7883 7884 7897 7941 8002 8003 8027 8028 8029 8071 8075 8148 8149 8222 8323
8227
567 721 722 877 878 969 970 1219 1220 1221 1468 1851 2118 2119 2141 2142 2143 2144 2219 2690 2691 2862 2938 3146 3147 3154 3155 3253 3838 3839 3857 4276 4345 4346 4473 4606 4638 4639 5333 5539 5853 5854 5855 6112 6204 6450 6457 6763 7143 7144 7214 7288 7517 7675 7806 7807 7858 7995 8055 8156 8157 8228
8231
80 281 282 524 525 555 827 894 906 907 968 1053 1054 1116 1138 1353 1438 1439 1440 1444 1475 1476 1510 1511 1512 1513 1689 1694 1710 1749 1752 1757 1824 1825 1826 1833 1898 2104 2145 2212 2324 2501 2810 3077 3087 3096 3145 3280 3281 3333 3469 3471 3472 3537 3636 3675 3701 3719 3720 3757 3758 3800 3801 3805 3806 3807 3808 3809 4076 4077 4078 4079 4381 4440 4544 4601 4602 4617 4661 4716 4735 4783 4784 4785 4788 4789 4790 4903 4904 4987 5015 5183 5184 5300 5374 5398 5399 5400 5401 5416 5501 5577 5578 5579 5582 5583 5635 5675 5676 5679 5680 5681 5682 5749 5814 5970 5984 6001 6064 6306 6307 6383 6384 6388 6427 6496 6529 6530 6532 6582 6602 6653 6654 6661 6746 6747 6772 6817 6818 6850 6987 6993 6994 7006 7007 7017 7018 7160 7225 7488 7489 7584 7585 7730 7805 7860 8064 8188 8238 8355
5344 5345 8241
25 41 44 275 276 283 284 446 450 451 452 453 493 643 644 681 684 685 895 896 922 957 974 975 987 988 989 1256 1257 1258 1268 1269 1566 1567 1615 1625 1772 1773 1802 1820 1821 1822 1823 1857 1858 1880 1881 2137 2220 2239 2240 2270 2271 2359 2549 2618 2619 2642 2849 2939 3122 3150 3445 3446 3884 3885 3897 3912 3982 3984 4091 4092 4093 4186 4296 4549 4654 4778 4919 4985 5001 5034 5036 5215 5294 5381 5396 5397 5492 5510 5511 5535 5625 5658 5659 5738 5828 5901 6007 6147 6233 6266 6290 6303 6367 6471 6491 6558 6835 6836 6899 7209 7385 7531 7757 7906 8150 8202 8242 8335
8243
2800 2801 7864 7970 7971 8245 8246 8325
7250 8248
8250 8251
8252
2388 5002 5003 5355 8170 8260 8261
8262
8263 8264
527 528 529 703 942 1078 1079 1092 1093 1678 1753 2319 2320 2512 2513 2689 2787 2813 2814 2827 2828 3118 3335 3359 3360 3628 3798 3943 4110 4274 4275 4444 4445 4447 4743 4744 4830 5052 5083 5084 5088 5880 6059 6060 6145 6252 6272 6325 6326 6327 6352 6428 6429 6615 6691 6785 6788 7005 7156 7157 7158 7303 7308 7328 7366 7483 7605 7608 7642 7732 7736 7788 7856 7947 7948 8016 8025 8171 8213 8216 8217 8265 8292
5528 5529 8268
3266 3267 6073 6074 8269
49 50 51 336 337 379 477 538 539 540 541 568 595 596 773 1017 1021 1022 1036 1037 1038 1076 1077 1124 1125 1187 1369 1424 1425 1450 1597 1598 1715 1716 1873 2281 2282 2328 2332 2333 2334 2356 2586 2622 2650 2667 2779 2781 2782 2811 2821 2891 2980 3173 3174 3404 3496 3533 3534 3635 3644 3645 3646 3670 3684 3729 3730 3731 3842 3843 4034 4035 4067 4165 4166 4215 4216 4217 4218 4289 4330 4335 4336 4424 4500 4509 4589 4612 4656 4795 4796 4931 4988 5000 5097 5175 5189 5195 5264 5265 5332 5353 5365 5422 5423 5424 5425 5512 5513 5520 5521 5551 5568 5569 5614 5879 5890 5891 6092 6382 6385 6396 6482 6483 6490 6688 6689 6690 6762 6824 6825 6852 6917 6918 7318 7334 7368 7457 7492 7552 7591 7592 7677 7687 7717 7731 7878 7984 8026 8219 8270
21 777 986 1354 1355 1457 1458 1477 1478 1479 1480 1581 1582 1924 1989 2111 2112 2199 2200 2306 2307 2308 2454 2517 2569 2570 2665 2666 2669 2670 2873 3052 3053 3474 3475 3573 3578 3585 3586 3587 3602 3826 3983 4150 4303 4367 4368 4369 4370 4489 5099 5395 5595 6051 6214 6215 6353 6445 6477 6831 6832 6833 6913 7066 7247 7403 7658 8272 8273
19 20 26 27 28 215 216 414 429 430 466 467 468 469 498 499 500 611 629 645 652 653 654 860 869 1008 1009 1452 1577 1578 1646 1647 1775 1817 1895 1937 1938 2096 2224 2235 2238 2252 2253 2254 2504 2505 2623 2624 2746 2747 2930 2931 3101 3102 3142 3143 3259 3272 3285 3286 3294 3299 3392 3431 3453 3466 3467 3476 3673 3960 3961 4027 4119 4129 4130 4131 4132 4133 4167 4168 4179 4194 4211 4223 4475 4577 4631 4632 4633 5013 5014 5030 5116 5130 5150 5151 5152 5410 5411 5412 5559 5627 5754 5904 5905 5948 5992 6013 6113 6229 6276 6277 6315 6460 6461 6497 6501 6504 6547 6577 6633 6716 6780 6834 6841 6988 6989 6990 7000 7001 7032 7033 7042 7172 7273 7274 7287 7317 7338 7339 7384 7433 7434 7464 7685 7694 7836 7865 7889 8024 8031 8112 8121 8196 8274
8204 8205 8206 8207 8275 8276
8277
8279 8280
8282 8283
8284 8285
8289
8294 8295
8298
406 407 408 564 565 566 735 1025 1899 1970 1978 2203 2204 2205 2233 2234 2268 2269 2300 2376 2377 2378 2379 2380 2381 2424 2425 2463 2636 2702 2721 3099 3100 3208 3209 3307 3308 3309 3310 3311 4161 4162 4227 4362 4363 4364 4391 4392 4485 4486 4580 4581 4582 4583 4644 4645 4646 4648 4649 4650 5144 5317 5368 5469 5665 5666 5667 5719 5720 5751 5805 5835 5967 6109 6155 6205 6206 6207 6279 6280 6377 6378 6379 6405 6436 6564 6626 6683 6684 6728 6768 6815 6888 7084 7104 7105 7106 7108 7117 7180 7259 7279 7280 7597 7598 7599 7615 7708 7709 7710 7781 7782 7791 7909 8046 8299 8300
67 169 170 171 172 181 182 224 225 226 641 642 699 700 701 826 1026 1051 1277 1278 1395 1396 1459 1482 1483 1526 1527 1543 1609 1789 1790 1808 1809 1979 2163 2191 2192 2193 2194 2195 2196 2457 2581 2703 2704 2850 2856 2859 2940 2941 2967 2968 3177 3229 3230 3231 3417 3579 3681 3754 3767 3823 3824 3830 3895 4023 4024 4025 4026 4073 4074 4075 4260 4375 4420 4516 4525 4658 4708 4879 4898 4911 4912 5161 5200 5201 5206 5217 5307 5464 5677 5678 5832 5846 5977 6046 6047 6048 6452 6489 6608 6668 6669 6766 6887 7325 7331 7672 7693 7813 7840 8032 8051 8052 8068 8069 8070 8076 8132 8301 8346
8302
8303
3875 3876 3896 3985 3986 8304 8305
36 127 128 693 694 695 917 918 1041 1042 1043 1044 1129 1197 1198 1537 1659 1755 1756 1763 2114 2210 2211 2326 2464 2571 2778 2788 2997 2999 3203 3238 3239 3465 3902 3903 3945 3946 3947 4528 4801 4962 5258 5280 5319 5584 5930 5974 6194 6581 6851 6963 7010 7264 7323 7324 7669 8309 8310
4 5 6 15 16 17 18 23 24 81 82 83 84 85 86 90 91 114 129 147 161 242 358 359 373 374 482 506 507 543 572 573 574 575 576 577 584 585 609 612 613 799 889 931 932 964 979 980 982 1166 1195 1196 1224 1225 1465 1489 1490 1491 1495 1498 1499 1500 1501 1502 1528 1610 1611 1612 1634 1665 1666 1667 1668 1685 1686 1687 1736 1737 1748 1792 1793 1794 1795 1837 1838 1844 1862 1991 2065 2066 2067 2098 2246 2259 2403 2404 2489 2493 2494 2595 2596 2605 2641 2663 2759 2760 2761 2762 2944 2947 2948 3050 3051 3055 3144 3160 3167 3269 3291 3314 3400 3403 3438 3448 3484 3485 3486 3558 3739 3759 3761 3762 3890 3936 3937 3938 3939 3968 4002 4003 4004 4103 4108 4124 4125 4140 4141 4164 4212 4222 4233 4262 4269 4270 4271 4290 4291 4423 4434 4455 4456 4457 4462 4505 4567 4584 4640 4641 4642 4832 4855 4882 4944 4954 4955 4963 4993 5009 5011 5126 5127 5131 5132 5137 5139 5220 5228 5239 5240 5245 5323 5437 5606 5607 5623 5626 5746 5767 5774 5778 5823 5839 5869 5911 5925 5928 6084 6148 6198 6235 6308 6323 6545 6568 6569 6664 6678 6729 6757 6847 6961 6975 7034 7041 7049 7050 7072 7132 7216 7217 7249 7298 7345 7427 7431 7432 7593 7601 7698 7796 7822 7939 7959 8013 8090 8091 8128 8154 8155 8164 8201 8233 8314 8315
8316
154 400 401 416 417 418 419 442 454 455 456 457 458 737 739 753 754 755 756 825 842 928 929 949 950 951 1227 1267 1297 1323 1324 1325 1336 1337 1338 1344 1345 1466 1488 1579 1580 1719 1864 1865 1866 1896 1939 1940 1941 2103 2176 2189 2201 2206 2232 2260 2261 2275 2309 2310 2368 2386 2387 2530 2531 2584 2615 2653 2682 2847 2883 2976 2977 3054 3056 3065 3075 3098 3168 3277 3306 3330 3372 3441 3520 3521 3583 3623 3658 3763 3770 3785 3786 3787 3788 3860 3923 3924 3932 3933 3965 3966 4033 4046 4047 4048 4090 4181 4267 4268 4272 4293 4294 4396 4435 4477 4478 4610 4611 4636 4676 4811 4812 4813 4831 4894 4971 4975 4976 4986 5050 5077 5283 5330 5331 5362 5427 5428 5572 5638 5639 5640 5755 5797 5991 5998 5999 6015 6024 6072 6192 6193 6372 6373 6509 6510 6544 6628 6632 6660 6750 6771 6827 7080 7082 7085 7107 7131 7166 7252 7388 7513 7594 7613 7640 7684 7686 7769 7966 7967 7985 8009 8010 8203 8239 8317
8318 8319
8321 8322
64 70 71 87 88 96 99 100 101 102 325 326 404 556 557 646 647 648 649 672 678 679 687 688 689 690 691 692 723 782 787 868 892 967 1061 1062 1104 1105 1106 1303 1312 1397 1398 1404 1405 1406 1545 1546 1547 1554 1751 1780 1888 1889 1897 1905 2147 2170 2171 2172 2347 2366 2498 2499 2544 2686 2687 2708 2709 2764 2817 2853 2854 2855 2897 2898 2904 2917 3059 3060 3061 3094 3095 3114 3191 3192 3264 3322 3387 3388 3447 3477 3478 3736 3737 3738 3748 3749 3773 3774 3775 3804 3864 3865 3935 3940 3976 3991 3992 4052 4053 4062 4068 4184 4185 4187 4188 4189 4280 4306 4365 4366 4538 4558 4559 4587 4613 4614 4685 4686 4712 4758 4786 4791 4792 4820 4867 4868 4883 4886 4889 4899 4932 4933 5086 5087 5117 5218 5219 5253 5328 5338 5343 5358 5443 5493 5575 5609 5632 5633 5684 5756 5806 5920 5921 5969 6131 6132 6133 6146 6304 6305 6425 6601 6625 6681 6685 6686 6753 6889 6892 6893 6919 7094 7096 7119 7120 7148 7149 7189 7343 7459 7460 7482 7484 7674 7713 7720 7859 7946 7987 8118 8119 8281 8290 8291 8308 8332
8333 8334
32 33 53 62 95 123 124 125 139 162 228 233 279 351 360 363 364 473 530 531 546 547 548 549 569 570 571 601 602 745 768 769 778 824 911 939 940 941 983 1005 1006 1007 1150 1171 1172 1259 1273 1286 1304 1305 1306 1310 1328 1393 1467 1518 1519 1548 1560 1593 1717 1718 1738 1754 1762 1777 1778 1812 1831 1853 1869 1870 1874 2027 2030 2069 2070 2071 2124 2217 2221 2287 2360 2382 2392 2451 2452 2532 2538 2539 2591 2594 2792 2918 3004 3005 3006 3007 3017 3033 3041 3130 3131 3183 3194 3244 3279 3316 3350 3401 3487 3531 3532 3580 3590 3600 3607 3696 3740 3741 3835 3837 3844 3989 3990 4049 4120 4122 4163 4249 4264 4311 4374 4378 4384 4504 4553 4623 4624 4657 4836 4880 4926 4938 4939 4964 4990 4991 4992 5024 5044 5045 5048 5054 5107 5123 5133 5134 5135 5192 5248 5261 5270 5441 5451 5471 5555 5650 5651 5769 5862 5863 5927 6023 6041 6052 6108 6188 6210 6334 6335 6386 6466 6478 6536 6645 6724 6725 6848 6849 6885 6974 6991 7043 7170 7204 7211 7212 7260 7263 7268 7269 7283 7284 7352 7364 7365 7426 7471 7472 7473 7589 7596 7614 7759 7772 7847 8061 8065 8126 8136 8215 8237 8256 8257 8266 8336
8337
8338 8339
285 286 1400 1712 1765 2750 3367 3368 3369 3393 5576 6062 6063 6066 7239 7397 8249 8340 8341
177 179 180 186 187 231 232 338 1177 1178 1193 1194 1384 1387 1388 1407 1408 1409 1805 1806 1867 2335 2349 2350 2351 2604 2656 2692 2913 3204 3362 3363 3783 3784 3880 4109 4341 4408 4548 4571 4874 5081 5118 5176 5177 5212 5297 5336 5352 5364 5373 5973 6035 6111 6151 6152 6172 6330 6331 6332 6389 6397 6514 6537 6979 6980 6981 7074 7133 7153 7174 7301 7392 7696 7874 7942 7968 8342
8343 8344
56 148 173 174 219 220 312 318 319 513 514 515 705 706 744 761 861 862 1163 1208 1210 1245 1266 1330 1334 1390 1600 1656 1721 1722 1850 1930 1962 2068 2094 2155 2175 2207 2208 2247 2357 2358 2578 2583 2668 2683 2684 2769 2914 2962 3141 3275 3697 3698 3840 3841 3899 4084 4144 4145 4146 4159 4246 4380 4390 4407 4523 4618 4619 4688 4750 4849 5018 5055 5156 5157 5255 5276 5391 5392 5393 5478 5485 5593 5649 5718 5856 5857 5988 5989 6086 6093 6094 6265 6301 6351 6507 6599 6600 6738 6783 6865 6934 6935 6950 7009 7176 7270 7271 7272 7282 7353 7544 7545 7547 7548 7770 7771 7821 7956 8129 8137 8138 8232 8347
104 105 107 135 136 159 160 244 464 562 563 784 785 1454 1631 1632 1815 1816 1859 1860 1861 2167 2168 2348 2487 2815 2816 2824 2830 2831 3011 3137 3418 3577 3599 3662 3962 3995 4278 4417 4518 4734 4761 4891 5069 5070 5071 5148 5149 5226 5227 5668 5784 5785 5786 5787 5931 5944 6011 6260 6264 6300 7100 7123 7182 7198 7413 7445 7628 7760 7761 7871 7974 8348 8349
8350
10 155 194 245 383 384 385 403 438 470 504 505 516 517 518 655 657 758 759 774 803 804 805 815 816 851 852 937 938 1027 1028 1029 1030 1222 1254 1813 1852 2022 2032 2033 2034 2037 2038 2074 2075 2225 2256 2301 2352 2557 2558 2559 2621 2630 2639 2640 2730 2784 2839 2983 2984 3019 3020 3021 3029 3119 3120 3288 3289 3312 3378 3648 3667 4100 4126 4198 4338 4554 4555 4556 4660 4705 4739 4841 4916 4917 4972 4973 4974 5049 5136 5166 5590 5617 5652 5794 5800 5892 5893 5935 5961 6030 6088 6103 6104 6170 6182 6298 6410 6411 6467 6525 6640 6641 6647 6717 6726 6959 7423 7515 7516 7560 7651 7652 7854 7940 8006 8007 8047 8223 8351
8353
178 302 303 304 421 433 434 435 486 487 521 522 523 750 751 890 919 1023 1130 1341 1342 1343 1464 1713 1819 1950 1951 2052 2053 2086 2087 2164 2165 2166 2218 2989 2990 2991 3043 3044 3045 3234 3268 3384 3501 3576 3651 3652 3653 3674 3827 3855 3856 3964 4094 4095 4190 4285 4301 4397 4414 4458 4506 4561 4566 4647 4693 4763 4804 4805 4806 4819 5008 5056 5119 5120 5145 5278 5351 5683 5709 5836 5982 6149 6166 6167 6560 6561 6562 6571 6737 6819 6861 6869 6870 6999 7395 7396 7446 7533 7629 7913 8354
8356
257 258 261 262 263 264 650 651 802 813 814 1050 1250 1251 1253 1661 1909 1910 1911 2135 2136 2480 2874 2875 2886 2902 2903 4058 4977 5165 6321 7474 7475 7476 7518 7607 7611 7612 8357
72 73 74 212 255 256 294 709 710 711 790 960 1055 1056 1057 1123 1199 1329 1486 1557 1558 1559 1585 1586 1587 1701 1705 1706 1745 1746 1747 1785 1977 2024 2046 2047 2113 2393 2394 2573 2582 2736 2795 2822 2823 3092 3093 3136 3152 3153 3201 3202 3223 3240 3451 3452 3470 3756 3814 3834 3881 4030 4104 4105 4118 4128 4487 4488 4687 4767 4768 5037 5187 5188 5243 5244 5286 5287 5380 5384 5615 5630 5883 6404 6430 6476 6594 6618 6619 6620 6635 6673 6712 6713 7081 7179 7248 7430 7505 7590 7994 8358
8359 8360 8361
