12
10 14 17 24 33 34 48 70 78 108 109 110 111 112 113 114 115 117 119 120 121 122 123 124 125 126 161 162 163 164 165 166 167 168 169 170 171 172 173 174 175 176 177 178 179 180 181 182 195 223 224 225 255 277 280 283 287 290 292 294 295 296 297 342 355 367 489 492 495 531 532 563 569 575 584 668 669 670 671 673 674 675 684 685 688 689 690 693 694 699 760 762 763 778 805 806 837 838 839 867 873 874 875 876 877 878 879 880 881 956 959 964 966 1046 1047 1055 1086 1092 1094 1095 1115
42 44 83 143 153 159 271 276 299 303 332 341 347 356 357 380 381 382 383 384 385 386 387 388 389 393 396 398 402 406 407 408 409 410 411 412 413 414 431 434 504 512 542 552 571 590 591 633 724 725 726 727 728 729 730 731 743 744 745 746 747 748 756 773 784 788 833 859 865 884 885 886 887 888 889 890 891 892 893 894 895 896 904 905 908 920 936 937 938 940 941 942 943 944 945 946 958 961 976 977 978 981 982 983 986 991 992 993 1003 1051 1063 1075 1100 1113 1116 1117 1124
12 75 84 139 140 141 142 144 145 146 147 148 149 150 151 152 185 229 267 300 354 371 404 416 428 505 556 557 559 560 573 710 719 720 721 722 723 732 733 734 735 736 737 739 740 741 851 852 955 1064
16 21 30 31 40 47 49 55 56 74 77 79 85 88 92 104 105 107 116 118 127 128 129 130 154 157 192 193 194 196 197 198 199 200 201 202 203 204 205 206 207 208 209 210 211 212 213 214 215 216 217 218 219 220 221 222 245 248 250 251 252 253 258 259 261 263 274 284 286 288 289 291 293 304 307 317 318 319 320 321 322 323 324 325 326 327 328 329 331 333 335 336 337 343 360 361 363 364 379 390 400 401 420 433 435 436 437 438 439 441 442 446 469 472 473 474 503 518 543 550 555 574 581 592 593 594 595 596 599 600 601 616 617 618 619 620 629 640 641 642 643 644 645 646 647 648 649 650 651 666 667 672 676 678 679 680 681 683 686 687 692 695 696 697 698 703 742 775 777 779 780 781 782 783 785 786 787 789 790 791 792 794 796 797 798 799 800 801 802 803 804 809 834 863 897 901 915 916 917 918 926 927 965 1006 1074 1076 1085 1093 1106 1108
658 935 987 1087 1088 1089 1132
15 54 76 80 87 89 93 98 99 100 183 184 186 187 189 190 191 454 463 464 465 524 566 567 570 577 578 579 580 583 598 602 603 604 621 622 623 624 625 626 627 628 635 636 639 704 708 715 766 768 774 821 866 882 925 1012 1013 1014 1029 1071 1077 1103
29 96 102 136 302 310 311 312 313 314 315 334 370 376 397 403 417 421 432 457 468 527 529 533 558 561 606 608 609 610 612 630 634 682 712 717 718 738 750 793 795 860 872 902 903 906 907 909 910 911 912 923 924 932 963 967 968 969 970 971 985 1004 1005 1032 1033 1054 1065 1066 1067 1069 1070 1078 1079 1080 1081 1082 1083 1084 1105 1131
61 101 132 244 273 462 470 501 502 547 582 637 638 665 818 832 836 862 990 1009 1028 1109 1110 1111 1127
41 73 103 131 133 134 135 155 160 238 242 246 247 260 262 264 278 281 301 309 330 339 348 372 374 375 377 378 394 418 419 422 445 447 448 453 460 471 475 477 478 479 480 481 482 483 484 486 487 513 536 544 545 554 564 565 576 585 586 611 614 691 705 706 709 713 714 755 757 758 759 808 811 816 823 824 828 845 847 848 849 854 855 868 869 870 871 883 919 922 928 930 931 933 957 972 973 974 975 994 995 996 1002 1007 1008 1011 1020 1021 1022 1023 1024 1025 1026 1027 1034 1035 1036 1037 1038 1039 1040 1042 1043 1044 1045 1062 1097 1098 1099 1101 1107 1112 1114 1119 1120 1121 1128
106 158 188 257 268 344 352 358 365 369 391 395 423 425 452 455 458 467 496 515 530 548 549 553 562 568 588 652 653 654 655 656 657 659 660 661 663 664 677 707 751 752 753 754 767 769 770 771 772 814 819 820 825 831 835 843 853 921 929 939 950 951 952 953 954 962 979 984 997 1010 1015 1016 1059 1060 1061 1073 1090 1091 1104 1123 1130
1 2 3 4 5 6 7 8 9 11 13 18 19 20 22 23 25 26 27 28 32 35 36 37 38 39 43 45 46 50 51 52 53 57 58 59 60 62 63 64 65 66 67 68 69 71 72 81 82 86 90 91 94 95 97 137 138 156 226 227 228 230 231 232 233 234 235 236 237 239 240 241 243 249 254 265 266 269 272 275 279 282 285 298 305 306 308 316 338 340 345 346 349 350 351 353 359 362 366 368 373 392 405 415 424 426 427 429 430 440 443 444 449 451 456 461 466 476 485 488 490 491 493 494 497 500 506 507 508 509 510 511 514 516 517 519 520 521 522 523 525 526 528 534 535 537 538 539 540 541 546 551 587 589 597 605 607 613 615 631 632 662 702 711 749 761 765 776 807 810 812 813 817 822 826 827 829 830 844 846 850 861 864 898 899 900 913 914 934 947 948 949 988 989 998 999 1000 1030 1031 1041 1050 1052 1053 1056 1057 1058 1072 1102 1118 1125 1129
256 270 399 450 459 498 499 572 700 701 716 764 815 840 841 842 856 857 858 960 980 1001 1017 1018 1019 1048 1049 1068 1096 1122 1126 1133
