10
56 123 225 274 433
9 12 16 17 92 115 120 126 133 146 176 179 182 183 184 188 195 196 197 198 200 208 217 246 247 249 261 296 302 307 310 311 365 419 420 450
8 15 18 19 20 21 22 23 352 353 354 356
2 3 7 53 55 73 94 95 101 119 131 135 150 151 154 163 238 240 241 243 244 245 250 257 278 281 285 345 346 347 348 349 351 355 358 366 367 377 378 379 380 390 403 406 407 426
13 14 31 38 57 61 88 89 90 99 111 112 114 116 153 161 171 189 190 193 201 202 203 204 205 212 213 214 220 221 222 223 224 231 263 265 267 269 282 294 295 304 316 338 341 361 362 372 385 391 397 398 415 421 427 439 442
6 10 11 66 67 74 91 97 108 110 144 157 158 159 167 169 170 266 283 284 299 300 319 339 340 342 350 360 383 384 386 387 408 417 428 431 449 451
24 25 26 32 35 40 41 42 43 45 46 47 48 49 75 76 77 78 79 96 102 103 104 105 106 107 118 155 172 173 174 191 215 264 270 271 276 277 279 280 286 287 288 289 290 291 292 297 298 306 309 317 337 343 368 370 388 392 394 395 396 399 401 402 409 414 422 434 437
4 33 36 37 54 58 59 60 62 63 70 93 124 125 127 128 132 134 136 143 145 147 149 152 162 164 175 210 216 235 236 237 248 258 259 275 301 303 318 320 321 322 323 324 325 326 327 328 329 332 333 334 335 336 344 364 369 393 404 405 410 412 416 424 429 430 440 441 443 444
1 27 28 29 30 39 44 50 64 65 68 86 87 98 100 109 117 121 122 129 130 137 138 139 140 141 142 160 165 168 177 178 180 181 199 206 207 211 218 227 228 229 230 232 239 242 268 293 357 374 389 413 432 435 436 445 448
5 34 51 52 69 71 72 80 81 82 83 84 85 113 148 156 166 185 186 187 192 194 209 219 226 233 234 251 252 253 254 255 256 260 262 272 273 305 308 312 313 314 315 330 331 359 363 371 373 375 376 381 382 400 411 418 423 425 438 446 447 452 453
