21
9 30 31 42 43 44 45 46 47 48 49 50 51 55 56 73 317 360 365 366 367 368 369 370 371 373 468 514 525 533 549 573 602 640 651 653 672 800 845 846 919 936 943 960 983 1075 1176 1223 1224 1227 1235 1236 1237 1289 1316 1330 1331 1333 1424 1425 1426 1427 1447 1595 1615 1723 1728 1761 1790 1854 1872 1873 1916 2025 2030
19 39 80 88 112 115 116 118 119 122 147 419 421 422 423 424 425 426 427 428 429 430 431 432 433 434 469 475 480 481 483 486 527 539 540 548 576 615 629 657 676 678 687 731 734 737 741 794 851 898 899 935 941 954 990 1040 1049 1050 1062 1070 1074 1083 1143 1264 1280 1281 1282 1321 1354 1356 1370 1395 1397 1398 1399 1485 1497 1521 1522 1538 1539 1540 1561 1625 1637 1666 1676 1713 1718 1719 1724 1731 1794 1874 1887 1907 1934 1939 1941 2000
4 13 62 74 100 127 128 129 131 251 313 331 353 385 398 399 400 401 402 403 415 550 587 626 681 698 714 791 792 793 868 876 887 921 922 966 967 1000 1012 1028 1029 1030 1031 1087 1125 1154 1155 1210 1334 1355 1360 1368 1373 1408 1442 1468 1500 1517 1529 1549 1555 1609 1639 1640 1722 1830 1831 1832 1833 1838 1848 1849 1853 1906 1917 2023
81 132 133 177 178 200 201 225 252 253 465 466 467 491 493 509 565 590 597 598 649 673 706 782 785 827 882 897 914 977 999 1016 1114 1124 1192 1211 1214 1233 1234 1257 1477 1533 1534 1660 1694 1716 1729 1757 1759 1763 1781 1788 1816 1862 1875 1877 1882 1885 1921 1930 1984 2017 2026
258 276 283 285 286 287 292 293 295 326 420 470 579 583 584 611 619 758 759 760 761 764 803 805 806 807 808 811 814 815 816 817 818 821 822 823 837 841 842 843 865 866 870 871 873 884 885 886 905 907 908 909 924 934 938 939 946 948 949 953 958 959 981 1010 1033 1035 1071 1093 1104 1106 1108 1183 1185 1252 1255 1292 1293 1438 1506 1507 1509 1556 1575 1610 1621 1622 1624 1638 1652 1669 1703 1704 1710 1753 1771 1780 1783 1793 1805 1813 1817 1820 1932 2004 2006
151 155 163 172 188 190 192 222 233 242 243 244 254 255 472 473 476 477 715 724 774 775 776 777 783 804 836 916 950 951 1003 1141 1318 1358 1394 1409 1413 1421 1451 1492 1513 1528 1572 1573 1587 1659 1663 1664 1665 1668 1675 1755 1768 1851 1897 1904 1914 1915 1923 1943
10 14 25 110 130 144 323 324 327 328 330 332 336 359 376 377 378 379 380 381 382 383 384 386 454 471 500 506 510 528 530 554 557 558 567 664 668 682 725 726 738 757 790 911 912 945 952 973 1001 1006 1008 1009 1019 1020 1032 1042 1090 1126 1127 1142 1144 1179 1186 1242 1243 1244 1251 1258 1259 1265 1274 1310 1322 1323 1326 1389 1416 1443 1466 1467 1470 1481 1483 1484 1494 1496 1501 1502 1519 1520 1546 1553 1554 1557 1576 1577 1589 1612 1647 1684 1685 1690 1691 1696 1698 1734 1741 1742 1744 1770 1774 1792 1801 1809 1810 1827 1828 1861 1868 1878 1880 1881 1886 1926 1942 1944 1945 1953 1957 1960 1961 1967 1971 1990
27 99 167 168 169 170 446 447 448 449 450 451 452 453 495 507 538 552 553 582 595 652 717 718 723 736 743 744 746 751 754 755 756 763 799 831 833 834 838 852 923 930 931 962 1184 1381 1382 1383 1386 1392 1415 1418 1419 1420 1464 1465 1580 1845 1888 1901 1902 1927 1937 1965 1966 1969 1972 1974 1975 1976 1977 1978 1979 1983 1992 2027 2032 2035 2036
8 40 41 52 63 82 104 322 335 356 372 374 375 499 517 547 599 617 621 655 666 667 693 773 798 830 844 864 878 917 955 963 986 1065 1066 1078 1079 1082 1089 1097 1109 1194 1205 1215 1216 1225 1226 1263 1332 1437 1454 1455 1579 1628 1677 1711 1758 1760 1789 1821 1822 1823 1824 1825 1829 1834 1846 1852 1891 1912 1913 1919 1963 1968 1980 1981 1993
3 7 15 16 53 59 60 91 95 96 196 231 350 354 355 414 498 502 536 537 551 563 570 574 575 593 623 643 665 683 694 702 752 765 947 998 1004 1011 1130 1132 1148 1159 1169 1173 1175 1180 1187 1189 1197 1206 1209 1220 1221 1285 1319 1359 1366 1393 1423 1448 1471 1474 1495 1564 1598 1673 1705 1714 1730 1756 1767 1811 1839 1991 2008 2031 2033
213 214 215 216 217 218 219 220 221 232 234 235 236 237 900 994 996 1018 1151 1245 1275 1284 1300 1309 1320 1327 1337 1340 1341 1375 1376 1387 1588 1590 1591 1592 1604 1605 1606 1636 1642 1643 1650 1680 1692 1701 1707 1708 1712 1751 1843 1844 1893 1896 1994 1995 1996 1998
86 102 114 117 143 154 158 206 207 208 209 266 267 268 270 271 272 273 274 275 277 278 279 284 297 318 513 541 542 578 609 612 613 616 618 630 648 739 768 769 810 889 890 891 892 893 1038 1059 1076 1121 1122 1136 1139 1249 1250 1262 1295 1296 1297 1315 1345 1357 1396 1430 1469 1478 1479 1488 1489 1498 1514 1515 1516 1518 1524 1525 1537 1550 1551 1552 1558 1559 1560 1618 1634 1667 1674 1678 1709 1720 1721 1726 1746 1795 2002 2005
6 20 21 22 23 24 28 66 89 93 94 97 105 106 107 108 109 111 315 362 405 406 407 408 458 459 460 461 462 485 534 566 577 654 684 685 686 690 691 692 695 696 697 699 704 705 707 708 713 719 742 749 762 801 802 809 813 839 847 926 940 1039 1041 1043 1044 1046 1047 1048 1051 1052 1053 1054 1055 1056 1057 1058 1064 1068 1094 1105 1107 1111 1118 1153 1240 1267 1268 1271 1272 1273 1277 1278 1279 1304 1305 1369 1433 1434 1450 1452 1453 1457 1458 1460 1461 1462 1535 1562 1565 1568 1569 1582 1584 1629 1630 1654 1657 1681 1695 1706 1727 1754 1769 1775 1778 1779 1791 1798 1799 1800 1803 1806 1807 1814 1835 1837 1864 1876 1889 1899 1903 1928 1955 1964 2007
1 5 149 164 197 204 211 212 238 239 240 241 245 246 247 248 288 289 290 291 319 416 417 482 503 518 519 520 564 580 594 636 659 660 679 680 730 745 767 779 848 855 857 862 875 877 915 927 944 964 965 974 975 976 982 987 988 989 991 995 1002 1021 1022 1023 1027 1034 1037 1063 1069 1077 1084 1092 1096 1113 1116 1117 1119 1140 1157 1158 1163 1164 1165 1168 1193 1200 1246 1286 1294 1299 1308 1339 1348 1352 1405 1486 1493 1523 1596 1614 1641 1644 1649 1653 1736 1738 1784 1796 1867 1920 1949 1999 2010
70 84 85 98 150 175 176 186 187 198 223 224 226 227 228 256 257 260 262 263 264 281 282 307 410 411 413 474 487 501 608 634 635 644 650 656 661 669 674 675 677 703 709 747 750 771 772 778 780 781 786 787 835 840 853 856 879 880 881 918 956 980 1017 1045 1072 1085 1099 1101 1128 1133 1134 1135 1137 1138 1146 1149 1150 1156 1191 1212 1217 1238 1254 1256 1301 1302 1307 1312 1313 1324 1325 1335 1336 1346 1390 1391 1401 1402 1410 1417 1429 1456 1480 1505 1511 1512 1563 1578 1583 1585 1586 1600 1601 1602 1611 1623 1627 1655 1656 1670 1671 1672 1699 1715 1739 1740 1745 1764 1802 1818 1826 1836 1847 1857 1863 1866 1869 1890 1936 1952 1973 1997 2001 2011 2018 2019 2020 2021 2034
11 17 18 26 54 67 101 103 120 156 161 162 173 174 179 180 181 182 183 184 185 195 229 230 249 250 325 344 346 347 348 349 492 505 511 512 515 516 521 522 523 545 546 559 592 606 633 638 658 689 711 712 716 720 721 728 729 824 825 826 894 895 903 910 942 957 969 970 971 972 997 1013 1073 1086 1100 1129 1131 1171 1188 1198 1201 1213 1222 1228 1230 1231 1253 1266 1303 1317 1328 1329 1361 1363 1364 1365 1367 1377 1378 1379 1404 1407 1440 1449 1472 1475 1476 1482 1491 1531 1532 1541 1542 1544 1545 1547 1548 1570 1571 1613 1619 1632 1646 1682 1683 1687 1688 1693 1700 1732 1733 1743 1776 1777 1819 1859 1909 1922 1924 1931 1940 1951 1958 1970 1985 2013 2014 2015 2016 2022
68 90 300 301 302 303 304 305 306 338 435 436 437 438 439 440 441 442 443 444 445 455 456 457 504 581 647 662 688 700 732 735 740 748 753 784 828 832 932 937 961 1060 1061 1260 1269 1311 1353 1388 1463 1508 1536 1574 1581 1607 1648 1702 1737 1808 1860 1865 1894 1911 1918 1929 1946 1954 1982 1986 1989 2009 2024
2 32 69 124 152 153 160 165 171 189 191 194 199 202 203 280 308 316 337 387 478 479 524 614 620 631 637 641 642 645 710 819 850 860 863 867 906 968 978 1024 1025 1026 1067 1088 1102 1160 1161 1162 1166 1170 1178 1182 1190 1195 1196 1199 1204 1207 1247 1288 1291 1342 1343 1349 1350 1384 1385 1400 1403 1406 1428 1473 1487 1504 1526 1527 1597 1599 1603 1608 1631 1679 1686 1765 1782 1785 1892 1895 1925 1962 2028
58 61 71 72 78 157 159 166 193 210 259 261 265 269 294 296 309 310 311 339 340 351 352 363 364 488 489 526 544 562 568 569 588 589 603 604 605 610 670 671 733 766 795 796 797 820 854 858 859 861 869 872 874 883 896 904 925 928 929 933 979 1005 1014 1015 1095 1112 1115 1167 1181 1202 1314 1338 1490 1499 1510 1617 1633 1658 1748 1749 1752 1950 2029
12 29 33 34 35 36 37 38 57 75 76 83 87 113 121 123 126 141 142 145 146 148 205 312 320 321 329 334 357 358 361 388 389 390 391 392 393 394 395 396 397 404 418 490 494 496 508 529 531 543 622 627 632 722 727 888 901 902 913 920 985 992 1007 1036 1080 1091 1120 1123 1152 1172 1174 1203 1208 1218 1270 1276 1283 1298 1344 1347 1351 1362 1371 1372 1412 1414 1422 1431 1432 1439 1441 1444 1445 1446 1530 1593 1594 1626 1635 1645 1651 1661 1662 1697 1750 1762 1766 1772 1773 1787 1797 1804 1815 1840 1841 1842 1850 1855 1856 1858 1870 1871 1879 1883 1884 1900 1933 1935 1947 1948 1956 1959 1987 1988 2003 2037
64 65 77 79 92 125 134 135 136 137 138 139 140 298 299 314 333 341 342 343 345 409 412 463 464 484 497 532 535 555 556 560 561 571 572 585 586 591 596 600 601 607 624 625 628 639 646 663 701 770 788 789 812 829 849 984 993 1081 1098 1103 1110 1145 1147 1177 1219 1229 1232 1239 1241 1248 1261 1287 1290 1306 1374 1380 1411 1435 1436 1459 1503 1543 1566 1567 1616 1620 1689 1717 1725 1735 1747 1786 1812 1898 1905 1908 1910 1938 2012 2038
