297 2148
2 3 4 5 6 7 8 9 10 135 202 
1 8 11 13 17 73 75 85 102 103 109 114 116 117 125 128 130 131 132 136 137 139 141 142 143 194 196 215 242 
1 5 8 9 13 17 21 22 64 68 73 85 87 88 90 99 100 102 110 112 115 119 122 126 130 152 153 154 155 156 157 158 159 160 161 162 163 164 165 166 167 168 169 170 171 173 174 176 177 178 179 180 181 182 183 184 185 186 187 194 195 202 204 205 208 213 221 225 226 227 240 249 256 258 
1 6 8 9 12 13 15 28 32 51 59 63 64 66 83 87 91 92 93 94 99 102 107 109 112 115 118 126 138 152 155 156 160 161 162 163 169 173 174 179 180 181 183 187 190 196 197 198 214 217 225 240 
1 3 9 10 15 16 19 32 42 53 54 68 72 77 83 85 88 91 93 100 103 109 110 119 120 126 138 150 152 155 156 160 161 162 163 169 173 174 175 179 180 181 183 188 190 196 197 198 204 205 208 214 225 227 
1 4 9 10 11 12 13 14 15 60 71 104 128 202 
1 8 14 24 26 28 31 35 36 44 47 48 49 51 53 60 73 74 75 76 78 89 92 95 100 104 106 108 109 110 111 112 136 138 202 210 
1 2 3 4 7 10 32 59 60 61 74 83 91 92 100 108 131 135 
1 3 4 5 6 15 37 64 66 68 103 104 109 124 194 196 204 214 215 236 
1 5 6 8 25 53 64 68 104 106 109 112 194 196 214 219 237 
2 6 14 15 103 116 125 127 136 137 139 143 209 
4 6 13 14 15 55 66 101 104 119 138 
2 3 4 6 12 15 17 21 22 64 68 85 86 87 92 94 96 112 117 118 120 126 130 131 132 133 138 139 152 153 154 155 156 157 158 159 160 161 162 163 164 165 166 167 168 169 170 171 172 173 174 175 176 177 178 179 180 181 182 183 184 185 194 195 202 204 212 225 227 240 242 248 256 257 258 259 262 
6 7 11 12 15 24 35 36 44 47 48 49 54 60 64 66 71 74 75 76 78 89 101 103 104 115 117 121 138 139 202 210 
4 5 6 9 11 12 13 14 19 54 55 60 61 72 76 77 87 91 115 119 128 133 135 194 
5 17 18 19 20 21 22 23 24 25 26 27 60 91 217 
2 3 13 16 20 23 74 85 93 99 114 115 116 117 118 119 120 121 242 
16 19 20 23 24 42 43 45 54 71 
5 15 16 18 24 36 44 48 52 64 72 73 74 75 76 77 
16 17 18 21 23 47 60 63 71 81 101 
3 13 16 20 28 59 63 66 69 72 74 75 76 90 122 131 133 210 211 
3 13 16 28 33 53 56 58 59 69 70 72 74 75 76 78 84 86 107 122 240 
16 17 18 20 27 41 43 55 56 57 60 71 72 102 117 
7 14 16 18 19 42 44 45 47 49 51 54 59 69 76 83 91 92 210 241 
10 16 45 49 59 64 242 
7 16 84 94 191 210 
16 23 45 50 52 65 71 
4 7 21 22 29 30 31 32 33 34 35 36 37 38 39 40 60 91 241 
28 111 115 123 135 151 
28 31 32 33 34 36 43 45 51 92 
7 28 30 33 34 39 50 52 53 60 65 
4 5 8 28 30 36 46 47 48 49 50 59 67 68 74 75 76 78 91 122 212 
22 28 30 31 34 44 50 53 60 67 82 
28 30 31 33 39 43 46 53 58 60 62 69 107 206 
7 14 28 38 44 45 48 64 73 75 78 113 
7 14 19 28 30 32 44 45 48 51 56 57 77 78 84 92 217 
9 28 45 50 69 72 94 237 242 
28 35 53 70 191 214 
28 31 34 44 45 50 51 65 67 
28 60 93 128 135 146 149 150 151 226 
23 42 43 44 45 55 57 72 
5 18 24 41 44 45 47 48 49 50 63 64 72 84 
18 23 30 34 41 46 78 85 87 99 120 126 138 168 169 172 173 174 185 186 207 218 219 233 
7 14 19 24 33 35 36 39 41 42 45 51 72 77 88 92 94 
18 24 25 27 30 35 36 37 39 41 42 44 46 47 48 49 50 51 52 57 61 62 65 74 75 76 78 86 88 90 94 97 98 105 113 131 133 134 143 152 153 154 155 156 157 158 159 160 161 162 163 164 165 166 167 168 169 170 176 177 178 179 180 181 182 183 184 188 189 190 192 193 196 197 198 200 201 203 205 208 210 211 215 220 222 228 231 232 233 234 235 238 239 245 246 247 250 251 252 254 255 263 264 265 266 267 268 269 270 271 272 273 274 275 276 277 278 279 280 281 282 283 284 285 286 287 288 289 290 291 292 293 294 295 
32 34 43 45 47 51 58 59 
7 14 20 24 32 42 45 46 51 54 59 62 80 83 88 210 
7 14 19 32 35 36 42 45 49 51 63 64 67 70 88 91 94 131 133 215 
7 14 24 25 32 42 45 48 51 53 63 68 70 88 91 93 94 131 133 210 211 214 215 
27 31 32 33 37 39 42 45 55 58 60 62 63 71 
4 7 24 30 36 39 44 45 46 47 48 49 52 53 59 67 70 
19 27 31 45 51 55 57 58 67 71 
5 7 10 22 31 33 34 38 49 51 70 85 87 88 100 104 106 
5 14 15 18 24 47 60 76 79 87 91 
12 15 23 41 50 52 56 57 
22 23 36 55 60 63 72 79 
23 36 41 45 52 55 72 226 
22 34 46 50 52 59 60 61 62 
4 8 21 22 24 25 32 46 47 51 58 60 62 68 69 70 83 86 88 89 91 96 241 
6 7 8 14 15 16 20 23 28 31 33 34 40 50 54 56 58 59 63 64 65 67 68 69 71 72 92 100 103 106 109 196 
8 15 45 58 62 86 90 97 
34 45 47 50 58 59 61 83 96 
4 20 21 42 48 49 50 56 60 64 65 66 
3 4 9 10 13 14 19 25 35 42 48 60 63 68 72 82 84 86 94 95 96 102 130 210 216 226 
27 31 39 45 60 63 67 71 75 105 113 196 210 
4 9 12 14 21 63 84 85 94 99 104 202 
32 33 39 48 51 52 60 65 68 69 70 
3 5 9 10 13 32 49 59 60 64 67 88 96 99 107 119 130 207 213 219 225 
21 22 24 34 37 59 60 67 80 
22 38 48 49 51 53 59 67 87 88 89 90 
6 14 18 20 23 27 50 52 60 65 
5 15 19 21 22 23 37 41 42 44 56 57 60 64 77 84 90 91 94 95 217 
2 3 7 19 35 94 96 113 115 131 133 134 138 214 215 223 
7 8 14 17 19 21 22 32 45 76 77 83 91 115 131 210 213 219 
2 7 14 19 21 22 32 35 45 65 77 78 83 91 131 133 212 219 237 
7 14 15 19 21 22 24 32 45 54 74 91 107 210 219 
5 15 19 36 44 72 74 75 
7 14 22 32 35 36 43 45 75 91 92 102 133 236 237 
54 56 92 94 126 191 207 
47 69 92 173 191 
20 191 
33 64 191 
4 5 8 24 47 59 62 74 75 
22 26 36 42 64 66 72 85 86 
2 3 5 13 17 43 53 66 84 87 99 102 107 112 117 118 119 120 121 122 124 126 130 131 133 138 143 152 153 156 157 158 159 164 173 176 181 188 189 190 191 194 200 202 203 204 206 207 214 216 225 227 242 
13 22 45 59 61 64 84 109 121 138 196 199 212 219 236 
3 4 13 15 43 53 54 70 85 88 94 99 102 107 110 111 112 115 118 119 120 122 126 130 131 133 150 152 153 156 157 158 159 164 173 176 181 188 189 190 191 192 199 200 202 204 205 206 207 208 216 225 242 
3 5 44 45 47 48 49 53 59 68 70 87 104 107 110 118 120 143 151 215 237 
7 14 59 70 191 241 
3 21 45 61 70 72 103 106 124 138 213 237 
4 5 8 15 16 24 28 32 48 49 54 59 72 74 75 76 78 92 120 126 131 133 188 214 219 240 
4 7 8 13 24 30 36 44 60 78 79 80 91 
4 5 17 40 49 
4 13 26 37 44 45 48 49 64 66 72 73 79 87 102 105 115 132 142 146 217 236 
7 64 72 191 
13 59 62 64 68 73 120 126 143 173 199 205 207 208 241 242 
45 61 98 126 128 173 207 
45 97 166 167 168 177 178 188 196 222 228 251 252 254 255 279 281 
3 4 17 43 66 68 85 87 102 119 120 122 124 126 146 151 173 185 187 192 199 203 205 206 207 208 216 226 227 257 
3 5 7 8 53 60 106 108 135 138 
12 14 20 102 103 104 105 117 121 
2 3 4 23 64 78 85 87 94 99 101 114 115 133 204 209 225 
2 5 9 11 14 60 90 101 104 105 114 115 121 133 136 137 138 143 192 209 
6 7 9 10 12 14 53 66 88 101 103 106 109 111 117 124 138 140 192 199 202 
45 65 94 101 103 124 132 138 150 223 224 
7 10 53 60 90 100 104 107 108 109 110 111 112 113 136 140 199 
4 22 34 68 76 85 87 88 106 110 120 123 131 210 
7 8 100 106 109 116 125 129 136 140 192 
2 4 5 7 9 10 60 86 104 106 108 111 113 115 123 131 138 140 143 192 
3 5 7 87 88 106 107 112 115 118 119 122 123 143 144 192 206 
7 29 87 104 106 109 113 140 192 199 
3 4 7 10 13 85 87 106 110 126 131 146 173 188 191 194 196 199 202 206 227 234 
35 45 65 73 106 109 111 138 199 223 224 
2 17 102 103 116 117 125 128 136 139 141 142 146 150 192 216 
3 4 14 15 17 29 73 74 87 94 102 103 109 110 116 121 122 123 125 130 131 132 133 134 136 139 143 148 194 196 211 225 240 
2 11 17 108 114 115 122 123 125 127 128 129 137 139 140 
2 13 14 17 23 85 101 104 114 118 119 133 142 143 192 
4 13 17 85 87 88 110 117 119 120 122 126 130 143 150 152 153 154 157 158 160 161 162 163 164 167 168 171 173 174 177 179 180 182 183 185 187 192 193 194 195 199 202 225 227 256 257 258 262 
3 5 12 15 17 68 85 87 99 110 117 118 122 124 126 130 150 151 152 153 154 157 158 160 161 162 163 164 167 168 171 173 174 175 177 179 180 182 183 185 193 194 195 202 204 205 208 217 221 225 227 229 258 
5 13 17 43 85 87 88 91 96 99 107 118 124 126 131 143 149 150 171 173 175 192 199 200 202 205 206 208 221 
14 17 85 86 101 103 115 143 192 209 
3 21 22 32 85 87 99 110 115 116 118 119 123 124 125 126 
29 107 109 110 115 116 122 125 139 140 144 148 149 151 206 
9 85 90 99 104 105 119 120 122 146 150 199 200 201 202 203 204 216 229 230 260 
2 11 108 114 115 116 122 123 136 137 139 144 
3 4 5 13 43 79 85 87 91 96 97 99 112 118 119 120 122 138 152 155 161 169 170 172 173 178 185 188 193 202 206 207 217 218 225 226 227 233 249 254 255 256 257 258 259 263 264 265 266 267 268 
11 116 128 209 
2 6 15 40 97 114 116 127 141 
108 116 135 140 
2 3 13 64 68 85 87 115 118 119 138 173 225 240 
2 8 13 21 45 48 49 73 74 75 85 87 91 107 109 112 115 120 132 138 143 199 206 211 212 213 214 216 219 
2 13 94 105 115 131 133 134 210 219 224 226 
13 15 21 45 48 49 73 75 78 85 87 91 102 103 115 117 132 134 192 211 212 213 214 216 219 
45 73 115 132 133 138 174 179 180 197 198 201 203 215 220 225 
1 8 15 29 40 100 129 136 
2 7 11 103 106 108 114 115 125 135 137 139 140 144 209 
2 11 103 116 125 136 139 142 
4 5 7 12 13 14 43 73 85 86 90 100 103 104 105 109 113 126 130 131 134 169 170 172 173 178 186 193 202 212 213 214 218 219 225 229 230 233 242 248 249 254 255 259 260 262 
2 11 13 14 114 115 116 123 125 136 137 144 
104 106 108 109 111 116 123 129 136 148 206 
2 114 128 142 150 209 
2 94 114 117 137 141 145 146 150 192 
2 11 45 85 88 96 103 109 110 115 117 118 120 121 131 147 149 151 158 164 165 170 174 182 183 187 192 200 203 205 206 239 245 246 262 283 285 
110 123 125 136 139 
142 146 
40 94 99 112 114 124 142 145 150 188 192 194 196 200 201 203 219 220 227 229 230 285 
143 148 149 151 192 
115 123 140 147 149 151 
40 120 123 143 147 148 188 194 196 199 200 201 204 206 214 220 227 246 
5 40 87 105 114 118 119 120 124 141 142 146 199 200 203 216 217 
29 40 88 99 119 123 143 147 148 192 200 203 206 
3 4 5 13 45 85 87 118 119 126 160 173 188 201 231 
3 13 45 85 87 118 119 166 250 254 269 
3 13 45 118 119 162 167 168 178 228 250 254 
3 4 5 13 45 126 161 173 198 231 
3 4 5 13 45 85 87 162 190 198 233 
3 13 45 85 87 118 119 169 190 232 
3 13 45 85 87 118 119 143 163 192 193 232 235 
3 13 45 85 87 164 193 235 270 
3 4 5 13 45 118 119 152 198 201 207 220 
3 4 5 13 45 118 119 126 155 173 188 190 198 201 220 
3 4 5 13 45 118 119 154 156 163 190 232 234 
3 4 5 13 45 118 119 158 162 164 232 235 270 276 
3 13 45 85 87 118 119 143 159 163 165 192 270 272 277 
3 13 45 143 164 166 269 273 274 277 
3 13 45 98 153 165 167 228 250 278 
3 13 45 98 118 119 154 166 168 178 196 222 227 228 229 
3 13 43 45 98 118 119 154 167 178 222 228 251 260 
3 4 5 13 43 45 126 138 157 173 190 232 234 235 270 276 
3 13 45 126 138 143 173 235 270 271 272 273 274 277 278 
3 13 118 119 120 173 178 195 208 256 257 259 
13 43 126 138 186 191 203 214 218 219 247 
3 4 5 13 43 80 85 87 96 97 99 112 118 119 120 126 130 138 152 155 161 169 170 171 178 185 186 188 193 202 204 205 206 207 208 217 221 227 233 241 248 254 255 258 260 262 263 264 265 266 267 268 
3 4 5 13 43 118 119 134 143 179 188 192 
5 13 119 120 188 191 
3 13 45 85 87 177 247 278 
3 13 45 98 118 119 176 178 227 228 250 
3 13 45 98 126 138 154 167 168 171 173 177 184 221 222 254 255 256 257 258 259 260 
3 4 5 13 45 118 119 134 174 180 197 198 201 220 238 
3 4 5 13 45 118 119 134 179 181 190 198 220 234 
3 4 5 13 45 85 87 180 182 232 234 
3 13 45 118 119 143 181 183 232 235 276 
3 4 5 13 45 118 119 143 182 189 192 276 
3 13 45 178 285 
3 13 43 99 118 119 126 173 195 257 260 
3 43 138 172 173 191 200 214 218 219 247 262 
3 4 99 118 143 191 192 
5 45 85 87 91 98 112 126 146 149 152 161 173 174 175 196 200 203 204 205 208 220 221 222 246 285 
45 85 87 183 270 272 277 280 
4 5 45 85 87 156 157 161 162 169 180 205 208 231 233 234 238 246 
26 38 79 80 81 82 85 87 89 95 112 172 175 186 187 196 204 205 208 214 218 219 225 227 243 244 248 249 253 296 297 
45 87 99 103 104 108 109 110 111 114 117 118 120 121 133 142 143 146 147 151 158 164 174 183 187 203 216 226 239 245 261 
45 118 119 126 138 158 159 173 232 235 270 272 276 277 
2 3 9 10 13 15 85 112 115 118 119 146 149 196 204 211 214 215 219 245 284 
3 13 118 119 171 185 205 208 227 
2 4 5 9 10 45 60 65 86 98 112 115 146 149 167 188 191 194 211 214 215 219 227 245 251 284 
4 5 45 134 179 201 220 
4 5 45 134 155 156 160 161 179 180 220 231 233 238 246 
86 87 96 99 104 106 111 112 113 118 120 124 131 149 150 200 201 206 226 229 
45 85 87 120 124 143 146 149 150 151 186 188 199 203 205 208 227 228 245 284 
45 124 134 146 149 152 160 161 179 197 199 220 231 239 246 283 
1 3 6 7 13 14 66 85 87 104 112 118 119 120 124 126 138 173 204 
45 85 99 124 134 143 146 150 151 172 188 192 200 206 227 228 229 245 284 
3 5 9 13 85 87 102 119 124 149 173 188 191 194 202 216 219 227 234 
3 5 45 87 96 99 119 120 143 173 188 190 191 195 200 206 208 220 221 222 226 227 232 234 239 246 251 253 
34 85 87 99 110 112 120 123 126 131 140 143 149 151 173 199 203 205 208 
43 68 79 85 87 96 97 99 126 160 173 214 218 226 
3 5 45 87 96 99 119 120 171 173 188 190 191 195 200 205 206 220 222 226 227 232 234 239 246 253 257 
11 102 103 121 127 136 141 
7 14 21 24 26 45 47 49 64 65 74 76 107 132 
21 45 49 115 131 133 194 196 212 214 219 
13 32 75 86 131 133 138 211 236 
3 68 74 90 131 133 138 237 
4 5 9 10 38 49 73 85 91 131 133 138 149 172 186 191 194 196 207 211 215 218 
2 9 45 48 49 73 88 134 194 196 214 219 240 
64 85 87 99 114 124 131 133 150 192 204 217 
4 16 36 72 94 119 126 150 173 216 226 240 
43 126 138 172 186 191 207 214 219 
10 43 68 74 75 76 86 91 131 132 133 138 146 172 186 191 194 196 204 211 215 218 
45 134 146 149 160 161 179 180 188 197 198 201 205 208 231 233 238 246 283 
3 119 120 173 178 188 205 253 257 
45 98 167 168 178 188 205 208 285 
73 105 113 
105 113 132 
3 4 5 13 68 85 87 102 115 118 119 126 130 134 138 191 
3 40 57 64 99 126 132 192 199 205 207 208 217 
3 5 13 85 99 112 118 119 126 146 149 167 173 177 191 195 196 200 203 204 205 208 229 230 
45 98 154 166 167 168 177 200 203 254 285 
119 124 138 146 167 199 203 227 230 256 258 
124 138 146 227 229 256 258 
45 152 155 190 198 201 220 232 
45 157 158 162 163 169 181 182 193 205 208 231 233 234 239 246 
43 45 126 138 156 173 190 198 220 232 234 235 
45 112 162 169 180 181 190 204 205 208 232 233 238 239 246 263 264 285 
45 158 159 163 169 170 182 193 233 246 276 
9 78 86 94 212 
10 37 75 78 88 90 213 
45 179 190 198 220 234 239 
45 143 192 201 205 208 232 234 238 246 283 
3 4 13 22 91 115 130 215 217 
24 28 59 89 96 173 
2 13 17 25 37 85 87 96 138 
191 
191 
45 143 192 194 196 200 203 246 284 285 
45 143 149 188 190 198 201 205 208 220 232 234 235 239 245 253 270 272 276 277 283 284 
45 172 176 186 269 274 278 280 
13 138 173 191 249 
3 126 138 191 248 
45 153 154 166 177 254 278 285 
45 98 168 196 205 
45 98 
191 205 208 221 246 257 
45 98 126 138 153 154 173 178 228 250 269 274 
45 98 126 138 173 178 
3 13 118 126 171 178 229 230 258 
13 99 118 126 171 178 185 208 221 253 
3 13 118 119 126 173 178 229 230 256 
13 126 138 171 178 260 
124 138 168 173 178 185 259 
192 
13 118 138 143 173 186 
45 126 173 234 
45 126 173 234 276 
45 126 173 276 
45 126 173 276 277 
45 126 173 277 
45 126 173 277 278 
45 153 165 247 254 275 278 279 285 
45 159 163 164 169 170 189 193 246 271 276 279 
45 170 270 272 
45 164 170 189 193 246 271 273 277 279 285 
45 165 170 272 274 
45 165 170 247 254 273 275 277 279 285 
45 269 274 279 
45 163 169 182 183 193 235 246 264 265 266 270 285 
45 164 165 170 189 193 246 266 267 268 272 274 280 284 285 
45 166 170 176 247 250 268 269 279 281 282 285 
45 98 269 270 272 274 275 278 
45 189 247 277 
45 98 278 
45 278 
45 143 201 220 239 246 
45 194 196 200 203 245 246 277 
45 143 146 184 188 222 228 234 245 250 269 272 274 276 277 278 
45 
45 
45 
45 
45 
45 
45 
45 
45 
45 
191 
191 
