2038 6033
212 855 1027 1084 1096
124 645 1025 1026 1204 1207 1343 1406 1473 1527
7 665 1004 1471
251 1373
244 1022 1084 1092 1168 1294 1409 1653
94 742 1039 1043 1044 1064 1460 1614
3 368 1004 1289 1471
356 693 984 1205 1821 1938
56 371 1331 1333 1595 1790
336 506 901 1416
1498 1683 1743 1958
113 397 1431 1432 1439
313 415 550 1000 1028 1030 1368 1848
1090 1258 1389 1801 1960
16 53 355 655 694 1677 2031
15 694 702 765 1132 1474 2031
101 198 825 1571 1619 1952
174 182 825 971 972 1700
629 1321 1395 1718 1719
21 22 23 1453 1657
20 22 23 1964
20 21 66 1064 1068 1462 1657 1964
20 21 24 1433 1453 1799 1806 1964
23 1458 1799 1806 1807
324 1008 1557 1809
103 546 824 880 1131 1890 1909
99 447 507 751
1107 1111 1268 1273 1654 1695 1903
380 418 531 1322 1772 1879
49 368 983 1471 1723 2008
47 48 49 368 525 533 936 1427 2025
58 819 850 854 968 1247 1428 1765 1785
35 36 38 404 1444 1626
35 404 627 722 1091
33 34 36 126 145 404 722
33 35 126 418 1414 1626
38 508 1208 1626 1815 2037
33 37 83 508 1444 1626
432 1264 1540 1625 1666
41 322 864 1109 1912 1993
40 82 104 1194 1822 1912 1993
43 44 525 1075 1223
42 44 73 653 1075
42 43 45 47 525 653 919 2030
44 919 1426 1872 2030
365 960 1447 1872
31 44 525 640 919 1427
31 368 1289 2025
30 31 368 936 983
51 514 936 983 1723
50 373 514 1224 1677 1723 1846
322 517 666 1852
15 355 1677 1723 2008
325 658 1073 1367 1491
514 525 936 1223
9 73 1075 1237 1331 1790
121 317 369 370 727 1344
32 259 309 604 819 854 872 906 1181
60 414 1187 1209 1359 1598
59 570 1169 1187 1359 1767 1839
363 364 610 1095 1490 1633
1210 1368 1529 1640
322 373 1109 1225 1226 1227 1332 1846 1913
65 601 1241 1248 1567 1725
64 463 1248 1725
22 534 695 1068 1369 1584 1814 1964
1171 1230 1253 1985
439 440 828 937 1860 1865
70 189 1335 1535 1597
69 280 835 1335 1597 1826 1997
671 733 861 1314 1421 1752 2029
340 488 861 933 1095 1950
43 56 653 1075 1235 1236 1237
127 399 626 922 1155 1334 1355 1853
76 123 141 395 396 913 1858 1870 1933
75 396 1441 1635 1840 1933
79 555 646 829 1380
166 193 363 488 1014 1748 1950
77 555 591 1098 1380 1717
427 429 741 851 1049 1050 1370 1941
597 598 1533 1534
41 104 1079 1194 1437
38 320 508 622 1444
228 1137 1312
150 175 198 1952 2001
143 1478 1720 1721
394 1351 1441 1750 1855 1870
486 1398 1399 1538 1907
407 708 1046 1055 1056 1769
647 832 1702 1911
910 1206 1319 1393 1404 1632 1673
139 298 590 829 1229 1689 1788
485 699 1044 1054 1681 1791 1798
6 105 108 707 719 1043 1044
96 1285 1363 1449
95 350 643 1189 1285 1363
405 407 458 566 1048 1052 1153 1779
186 225 661 1346 1623 1836 1877
27 447 453 495 552 751 1392 1580
400 1210 1848 1849
17 825 971 1857 1863 1951 1952
194 279 318 1524 1526 1560
26 545 546 650 880 1156 1407
41 82 1079 1437 1822 1968
94 108 485 1044 1798
107 704 705 719 1727
106 108 111 704 705
94 105 107 111 704 707 1565 1798 1889
654 697 1046 1056 1803
359 563 593 668 1389 1484 1685
107 108 690 705 1565 1876
486 527 676 898 1143 1478 1934
12 397 1635 1840 1850 1987
541 885 1139 1634 1638 1652
1074 1281 1485 1521 1666
430 431 432 1282 1666
284 739 1122 1537 1709 2002
420 935 954 981 1070
433 434 731 899 1074 1497 1521 1522
349 521 894 1329 1531 1547 1646 2016 2022
57 370 727 943 1123 1645
423 424 425 427 1280 1713 1874 1939
75 141 1270 1750 1870 1947
2 645 1288 1487 1527
333 497 572 624 1306 1374
35 36 145 1412 1414
74 626 1334 1431 1432 1830 1900
129 550 714 1368
128 1360 1368 1640
911 1326 1443 1520 1577
587 876 966 1722 1838
133 201 509 1214 1694
132 253 465 509 1211 1214 1660 1862 2026
136 138 345 628 663
314 343 409 535 812
134 138 343 409 663
314 646 1110 1232 1380
134 136 343 345 535
92 140 829 1689
139 646 829 1232 1689
75 123 902 913 1947 1956
392 1152 1842 1871 1883
86 609 1250 1478 1479 1720
317 468 973 1126 1322 1944 1967
35 126 358 388 722 1371 1372 1412
395 901 1347 1858 1900
941 1354 1395 1625 1718 1794
389 992 1787 1856 1959
211 212 991 1063
85 176 198 634 1138 1480 1563 2001
155 472 783 1358 1413 1668
153 191 645 1178 1288
152 191 1178 1182 1288 1504 1603
209 542 1121 1136 1262 1469
151 242 243 783 1413 1659
173 176 711 720 1909
210 519 562 857 915 929 1005
209 542 588 810 1121 1396 1490 1515 1678
210 526 562 869 1005
171 614 1067 1170 1342 1962
592 826 1188 1303 1532 1545 1777
181 1198 1472 1544 1613
242 254 476 775 1358 1572 1755
580 1034 1063 1140 2010
189 280 1504 1597 1892
78 269 363 896 1115 1490 1748
168 170 553 1978
167 170 538 553 1418
456 1184 1972 1977 1978
167 168 538 1902 1978 1992
160 614 1088 1160 1204 1342 1403
254 255 472 477 1451 1572 1915
156 176 198 720 1619 1931
18 649 785 969 970 971 1700
85 1191 1655 1863 1952 2001 2018 2034
150 156 173 198 1480 1890 1909
649 782 897 969 1836 1877
782 897 914 1124 1257 1716
180 511 997 1086
179 195 511 1086 1328
162 826 1171 1198 1544 1548
18 183 492 515 972 1542 1700
182 492 689 1542 1859
230 712 728 729 1129 1228 1732 1940 1985
625 1129 1222 1231 1693 1859
98 661 771 1324 1623 2020 2021
1191 1346 1836 1857 2020 2034
774 1451 1755 1851 1914 1915 1923
69 165 1504 1535 1597 1603 1754
192 1664 1665 1668 1943
152 153 197 645 1024 1113 1170 1178 1182 1920 1962
190 255 472 473 1664 1665
78 310 311 1014 1950
102 478 479 1526 1560 1782
180 511 638 1131 1213 1328 1776
325 574 947 998 1221 1367
191 679 680 976 1002 1113 1157 1170
17 85 150 173 176 1619 1952
387 614 820 863 974 1067 1200 1403
491 509 882 999 1192
132 1214 1694 1757
308 479 906 1247 1785 2028
387 867 1291 1686 1765 1895
848 995 1164 1165 1193 1738 1867 1999
390 418 1174 1422 1935
207 1488 1514
206 208 1488 1514 2005
207 630 1139 1488 1489 1674 2005
154 158 269 1121 1469 1490 1667
157 159 562 1005
149 212 745 779 1063 2010
1 149 211 779 862 991 1027 1096
217 218 1284 1588 1591 1592 1636 1643
215 994 1300 1893
214 994 1327 1893
994 996 1320 1387 1680
213 220 1284 1636
213 219 900 1591 1592
218 900 1018 1340 1341 1591
217 1284 1636 1707 1708 1712
232 1284 1320 1751 1994 1998
724 1923
635 786 1101 1401 1670
656 786 787 1101 1739 1740
98 661 827 1114 1390 1877
227 263 307 750 1313 1611 1670 1764
226 263 677 1313 1456 1866
84 1135 1137 1138 1312 1512
249 633 1379 1688 2014
184 344 559 712 1222 1687 1940
683 752 1175 1189 1705 1756 1991 2033
221 234 776 836 1337 1492 1707 1751 1896 1994
774 776 777 950 951 1513 1768
232 1151 1275 1375 1605 1707 1896 1995 1996
236 1376 1523 1588 1596 1692 1996
235 1275 1309 1376 1523 1896
1375 1606 1692 1995
1523 1596 1641 1649
240 241 245 1037 1339 1493
239 877 1299 1339 1493
239 319 848 1037 1119 1493 1738
155 163 243 775 950 1358 1409 1413
155 242 244 1409 1659
5 243 659 767 783 804 1022 1409 1659
239 944 1037 1116 1299 1308 1339 1653
247 248 503 564 1021 1077
246 248 660 767 783 1077 1752
246 247 288 503 929 987 989 1405 1752
229 250 348 957 1363 1364 1377 1378 1379 1449 2014
249 347 348 903 957 1440
4 402 791 792 1360 1373 1529
253 1124 1729 1781 1882 1984 2026
133 252 1477 1533 1660 1984 2026
163 172 1572 1755 1914 1915
172 192 472 473 1141 1451 1573
644 762 772 840 956 1238 1307
675 980 1045 1128 1149 1212 1238 1715
759 811 818 953 958 1575 1703 1710 1932
58 604 766 795 796 797 859 869 1181 1202
762 772 840 1627 1875 1921
265 296 544 733 1314 1499
264 474 1217 1417 1583 1585
226 227 677 1146 1150 1764
262 410 781 1017 1254 1417 1585 1866
261 266 268 352 544 670 810 1499
265 268 1499 1726 1746
268 630 810 1139 1396 1726
265 266 267 810 1726
166 209 896 1490 1667
272 1076 1295 1296 1469 1667
891 892 893 1076 1516 1525 1550
270 274 278 1249 1296 1667
274 1059 1249 1345
272 273 896 1059 1115 1249 1617 1667
277 278 648 890 898 1250 1295 1296 1551
285 470 1139 1141 1638
275 578 1250 1551 1552
272 275 1249 1296 1551
102 1524 1526 1618
70 165 631 641 642 1527 1597 1600 1826 1892
709 853 856 881 1134
513 703 1600 1618 1745 1925 1973
583 758 760 946 1106 1185 1820
117 981 1357 1537 1709
276 470 811 924 934 1638
761 764 905 948 1035
816 837 870 884 907 1805
248 289 503 730 987
288 290 503 564 730 965
289 291 519 730 857 862 965 1246 1348
290 519 730 987 989 1405
759 805 806 821 871
873 905 907 1556 2004
339 604 605 925 1749
822 842 843 1780 2006
261 544 670 671 733 1167
891 1136 1262 1488 1516 1518
92 555 556 590 829 1763
600 849 1287 1905 2012
301 445 456 753 2009
300 302 303 456 2009
301 303 305 2009
301 302 305 306 456 1946
456 457 504 1648 1702 1946 2024
302 303 306 1463 1737 1946 2009 2024
303 305 1946
226 1313 1417 1456 1611
202 309 479 524 1015 1658 2028
58 308 524 604 906 925 928 1015
193 311 1014 1015 1338
193 310 928 933 1015 1950
388 543 1372 1635 1651 1697 1856 1959 1987
13 400 415 868 1833 1848
135 137 409 812 1110 1232
690 713 847 1876
642 710 978 1199 1343 1384 1400
57 144 367 369 468 1322 1344 1424 1873 1879
102 578 1345 1430 1524 1560 1618
241 482 1119 1286 1596 1738 1796
83 508 622 1172 1593 1815
334 372 888 1065 1594 1766 1988
40 52 63 666 1109 1852 1912 1913
324 386 738 1032 1144 1546 1576
25 323 1008 1032 1144 1809
54 196 574 643 1367 1379 1491
886 1575 1753
379 567 1741 1774
384 912 1589 1696 1953 1990
531 727 1123 1208 1772 2037
377 1243 1481 1801 1960
887 1326 1408 1443 1966
379 380 381 1179 1774
125 571 572 947 1073 1220 1306
321 622 627 888 1593 1766
955 986 1503 1579 1628 1898
10 506 626 901 1519 1809
1088 1102 1161 1162 1403
443 740 932 1061 1260 1419 1979 1986
294 340 605 861 925 928
72 339 861 928 933
342 464 639 770 1110 1380
341 561 585 770 1110 1287 1908
135 136 138 409 535
230 625 716 788 1222 1261 1541 1687
134 138 535 560 628 1219 1239
347 349 516 523
250 346 349 516 903 1440
249 250 349 1440 1449
120 346 347 348 523 910 1329 1393 1440 1449 1547
96 1189 1285 1319 1673
352 589 670 1633
265 351 588 589 670 810
401 415 1000 1517
502 574 694 702 1132 1197 1221
15 53 498 694 1011 1180 2008
8 844 917 1758 1821 1919 1938
358 529 1120 1371 1661 1762
145 357 722 1091 1371 1762
110 360 563 757 1389 1854 1967
359 563 602 800 1854 1916
543 1080 1651 2003
813 1041 1369
61 78 166 364 488 1490
61 363 488 1095
46 640 960 1316 1872
573 960 1289 1316
317 468 672 1728 1873
7 30 31 48 49 1289 1471
57 317 370 651 1235 1424 1425 1728 1761
57 121 369 943 1235 1236 1237
9 846 1075 1223 1224 1331 1595
321 864 888 1065 1066 1078 1225
51 63 846 1224 1227 1846
375 617 632 1078 1263 1760
374 1066 1078 1263 1993
1243 1244 1501 1774
330 1243 1481 1868 1971
384 530 664 1001 1251 1502 1744 1792
327 332 380 567 1127 1774
29 332 379 418 1127 1179 1322
332 1179 1310 1774
500 902 1006 1042 1186 1416 1734 1770
500 530 1001 1323 1502 1698 1770 1792 1990
328 378 912 1251 1494 1792 1953
626 1008 1155 1468 1500 1555 1557 1639
323 506 738 1546 1698
199 203 620 863 1102 1291 1403 1765
145 312 1372 1412 1414 1446 1959
148 1036 1787 1935 1948 1959
205 985 1422 1841 1935 1948
496 1152 1635 1842 1856
142 1270 1298 1351 1804 1842 1871 1884
418 1804 1884 1947 1956
87 1152 1441 1635 1797 1855 1883
75 146 901 913 1858
75 76 1347 1840 1850 1858
12 113 1347 1431 1850
698 1334 1830 1831
74 698 868 1334 1832 1833 1853
100 313 868 1848 1849 1853
353 415 698 1517 1831 1832
251 792 1087 1210 1529 1849 2023
1000 1028 1031 1517
33 34 35 622 627 1444
97 408 566 1048 1457
566 749 1153 1657 1864
89 97 1047 1052 1055 1769 1779
405 566 749 839 1433 1457 1799 1807
135 136 314 343 532 663 1081 1232
264 413 781 1134 1583 1585
501 696 853 1045 1133 1134 1150 1254 1256 1535
532 572 788 1081 1147 1261
410 1134 1511 1512 1583
59 549 563 573 800 1159 1209 1289 1598
13 313 353 401 1000 1832 1833
417 1614 1738 1784 1920
416 1644 1738 1784
29 36 205 380 393 494 531 902 920 1007 1174 1179 1276 1298 1414 1445 1626 1884 1935 1956
648 898 990 1538 1907
118 948 949 981 1070
422 423 540 1539 1724 1874 2000
421 426 540 1398 1907 2000
122 421 424 475 483 1724 1874
122 423 425 483 959 1070
122 424 734 959 1731 1939 1982
422 427 539 540 851 1398 1539
80 122 426 851 1280 1370 1539 1713
1049 1050 1062 1356
80 731 734 737 741 794 1522 1731 1941
116 431 432 794 1887
116 430 433 1282 1887
39 116 430 548 794 1062 1264 1666
119 431 434 731 1282 1497 1887
119 433 1497
1388 1507 1508 1509 1704 1737 1894 1986
440 828 1574 1581
438 442 1536 1581 1808
437 700 1536 1808 1954
68 740 937 1865
68 436 740 828 1260 1574 1865
442 444 455 828 1581 1808
437 441 1581 1808
338 444 455 740 937 1860 1979
441 443 455 828 1860
300 753 1737 2009
449 450 581 595 743 799 838 932 1419 1927 1975 1976
27 99 507 834 1580 1974
552 723 736 1420
446 799 1888 1976
446 595 718 744 763 838
452 754 852 1975
451 453 495 852 1975 2035
99 452 495 552 2035
471 510 962 1020 1258 1381 1443 1957
441 443 444 507 554 700 923 1808 1810 1969 1979
169 300 301 303 304 504 581 753 1184 1927 1946
304 504 1269 1607 1702
97 1153 1582 1778 1779
940 1053 1057 1118 1153 1864
577 695 762 839 1452 1458 1814 1837
462 1051 1058 1304 1305
461 1058 1304 1754 1800
65 1239 1248 1616 1620 1725
341 600 639 1380 1717
133 466 706 1214 1862
465 556 706 1763 1816 1862
597 598 1177 1816
144 317 367 1728 1967
480 481 935 990 1315 2000
276 285 811 1141 1573 1575 1675
454 1251 1443 1577 1953 1957
151 172 192 255 477 1358 1665 1668
192 255 1141 1528 1663 1664 1746
262 487 1217 1312 1583
423 480 483 1724
163 1358 1572
172 472 1358 1572
194 479 1608 1782 1785
194 202 308 478 1560 1658 1785
469 475 481 483 1724 2000
469 480 483 935 1070
319 1644 1738 1796
423 424 475 480 481 1070
623 984 1205 1306 1374 1566 1910 2038
93 105 1044 1798
88 112 676 898 1040 1399 1538
474 1312 1512 1583
72 78 363 364 1095 1950
671 1112 1167 1633 2029
627 632 888 1203 1762
200 509 999 1229 1693 1694
182 183 1361 1700 1859
649 785 882 999
418 920 1298 1422
99 452 453 756 852 931 1392 1415
391 985 992 1841 1842 1856
125 1306 1374 2038
355 694 1011 1423 1705
844 917 1758 1822 1968
382 383 1186 1323 1770
411 835 1256 1335 1535
354 575 694 1189 1197 1705
246 248 288 289 564
304 456 457 1607
689 1266 1472 1475 1542
10 336 386 738 1416 1519 1698 1770
27 447 455 751 834 923 1979
37 38 83 320 1815
132 133 200 491 1192 1694 2026
454 554 1020 1381 1881 1969
179 180 195 997 1776
606 824 894 1013 2013 2015
282 578 609 616 703 1250 1479 1498 1618
50 51 55 936 1223 1224
182 972 1266 1542 1570
346 347 522 523 712 903
52 547 666 667 1846 1852 1913
1021 1023 1027 1077
157 290 291 857 929 1405
915 1034 1069 1348
120 522 1547 1646 1682 1733
516 521 523 712 1547 1682 1732
346 349 516 522 1547
308 309 906 2028
31 42 44 47 55 936 1223
159 869 979 1005 1202
112 678 1478 1721 1934
662 734 1265 1466 1942
357 1362 1371 1372 1661
378 383 1323 1483 1502 1744
29 329 418 1626 1772 2037
409 412 788 1081 1232
31 640 1289 1316 1427 2025
66 598 695 1233 1271 1434 1584 1875
135 138 343 345 560 812
537 570 683 1756 1839
536 665 1756 1839
168 170 746 763 1386 1418 1901 1902
426 851 1397 1398 1399
421 422 426 1539
114 612 889 1139 1489 1634 1674 1709 1795
154 158 1121 1262 1678
312 361 1080 1283 1651 1662 1697
261 265 296 670
103 546 1407
26 103 545 824 1407
517 621 667 798 1852 1891
432 851 1049 1062 1083 1264 1561 1676
414 573 800 960 1615
13 128 714 1030 1368
563 593 1159 1359 1637
99 448 453 723 736 1580 2035
167 168 967 1418 1917
455 510 1810 1881 1969
77 79 298 556 829 1098
298 466 555 1098 1177 1763 1816
668 725 726 1861 1926
657 668 1470 1484 1522 1926
230 633 712 903 957 1364 1687 2014
345 535 812 1219 1290
342 585 993 1287 1290 1630 1706 1899 1905
157 159 210 869 929
110 359 360 414 551 593 800 1159
246 289 503 964 965 1021
827 1114 1759 1882 1921 2017
97 405 406 408 749 1153
327 379 1127 1142 1741
569 820 874 904
568 820 904 915 1005 1069 1200
60 536 683 752 1175 1206 1767 1839
333 572 716 1073 1261 1317
125 333 412 571 624 1145 1147 1261
366 414 549 960 1289
196 325 354 643 1197 1221
502 643 1189 1197
629 1040 1321 1561 1676
460 762 1434 1452
277 318 513 768 1038 1250 1430 1552 1618
584 619 760 908 939 1108
164 745 1140 1867 2010
446 456 753 932 1353 1927
923 931 1381 1465 1969 2027
283 584 760 1106 1183
579 583 760 1108 1183
342 561 1290 1908
1103 1543 1786 1898
131 921 966 1154 1355 1722
158 352 589 810 1490
351 352 588 1490 1633
92 298 1757 1763 1788
79 596 1098 1177 1717
161 638 1303 1328 1532 1819
110 551 563 657 1484 1637
679 927 1002 1163 1200 1486
446 450 744 1927
591 600 849 1177 1717
81 467 598 1534 1816
81 467 534 597 1177 1233 1271 1477 1533 1905
617 1079 1194 1760
299 464 596 639 849 1717 2012
64 1241 1503 1567 1898
360 800 960 1447 1615 1916
604 605 859 1749
58 259 294 309 603 859 925 1749
294 339 603 797 858 859 861 1749
512 894 997 2013 2022
625 789 1229 1689
675 1045 1150 1586
143 513 616 618 1479 1498 1720
61 861 1095 1112 1633 2029
760 885 1071 1610 1622 1624 1652
541 769 889 1297 1558 1795
615 618 1498 1540 1720
160 171 199 1067 1403
613 941 1354 1540 1720
513 609 1479
374 599 632 830 1079 1203 1215 1760 1980
609 613 1498 1720
579 760 908 1071 1255 1771
387 1102 1291
547 655 667 798 878 1216
83 320 334 404 627 1444 1593
484 1205 1220 1306 1366 1730 1811
125 572 628 1145 1374
185 344 607 788 789 1222 1229 1693
74 127 336 385 901 1155 1557 1809 1900
34 334 404 490 622 888 1091 1762
134 345 624 663 1145 1239 1374 1735
19 576 1083 1321 1395 1561
208 267 1139 1396 2005
280 637 641 642 978 1631
374 490 617 888 1078 1203
229 559 1541 1687 1688 2014
150 1138 1480 1802
223 750 1401 1402 1601 1670
976 1193 1352 1486 1736 1738 1920
631 641 1385 1599 1631
195 592 1131 1303 1328 1909
341 464 600 770 2012
47 365 533 919 1316 1426 1427 1872
280 631 637 1599 1600 1925
280 316 631 710 978 1527
96 325 574 575 1189 1197 1363 1378 1379
256 772 956 1390
2 124 152 191 1024 1026 1190 1288
77 137 140 829 1232 1380
90 784 832 1311 1506 1702 1918 1989
275 419 890 892 898 990 1297 1315 1550
174 177 493 782 785 882 969
103 780 880 1156 1391
369 845 1425 1761 1916
756 931 1382 1464 2027 2032
43 44 73 1176 1235 1425 2030
109 692 697 708 713 847 1056
15 621 773 878 1216 1677 1963 2031
224 787 918 1739 1936
558 593 1484 1521 1522 1637
54 1073 1317 1491
244 767 1022 1023 1077 1158
247 767 1077 1158
98 186 225 956 1324 1390 1429 1869
528 688 700 734 1942 1954
134 136 409 628 1081 1145 1147
378 1242 1251 1744 1957
3 537 1004 1169 1173 1471 1756 1839
52 322 517 1913
517 547 621 878 1846
110 557 558 725 1484 1685 1926
1135 1391 1505 1512
265 296 351 352 544 1167 1633
71 296 489 733 1167 2029
367 1424 1728 1873
1016 1234 1477 1729 1984
747 918 1410 1655 1739
257 608 778 1045 1212 1586
112 486 1040 1143
227 263 1017 1133 1150 1866 2011
527 687 941 1721 1794 1934
197 594 976 1002 1486
197 975 1002 1157
714 1029 1030 1031
973 1126 1274 1553 1554
231 536 570 1175 1756
685 1041 1369 1461 1569
684 1041 1568 1569
691 696 1305 1775
678 1719 1794 1934
662 700 1954
183 505 729 942 1171 1472 1542 1859
111 315 692 847 1565 1876
686 696 1535 1775
654 690 697 847 1565 1889
8 1205 1789 1821
15 16 354 355 498 502 702 1705
66 460 534 1434 1452 1814
411 686 691 1045 1051 1305 1535
109 654 692 1791 1798 1803 1889
398 399 401 1334 1831 1832
93 742 1044 1681
438 455 662 688 1808 1810 1942 1954
993 1103 1283 1530 1543 1662 1706 1786 1812
16 354 694 1132
282 513 780 1134 1407 1498 1511 1958 1973
106 107 108 707 719
106 107 111 1727 1876
465 466 1214 1757 1763
94 108 704 719
89 654 713 1055 1056 1058 1800
281 856 879 881 1578 1600 1745
316 642 1343 1527
156 720 1476 1777 1909
184 230 516 522 559 903 1732
315 654 708 847 1754 1800 1876
128 550 681 1030
1394 1451 1573 1851
344 571 1261 1317 1541
746 763 1383 1937 2032
450 763 838
94 106 704 707 1039 1043 1727
156 173 711 1476 1931
1201 1365 1404 1743
34 35 145 358 1091
448 552 1420 1965 2035 2036
222 1851 1923
557 668 726 1684 1685 1690
557 725 1684 1861
57 121 329 1123 1218 1344 1772
184 729 1171 1230 1985
184 689 728 942 1171 1228
288 289 290 291 987
119 429 433 794 1522 1887
735 961 1894 1929
71 261 296 671 1314
425 429 528 662 1265 1522 1731 1954 1982
732 932 961 1353 1894 1986
448 552 831 1420 1580
429 741 794 1062
323 386 506 1144 1519
117 769 889 1122 1315 1559 1709
338 439 440 443 937 1260 1865
80 429 737 1050 1062 1356
6 699 1044 1064 1450 1681
446 799 833 838
450 595 763 1845 1901 1927 1992
211 580 779 1867 2010
538 717 763 1386 2032
674 918 1655 2018 2019
784 1311
406 408 566 1433 1453 1657
226 635 1402 1670 1764
27 99 507 923 1392
231 570 1175 1189 1206 1673 1991
300 445 456 581 1353 1388 1737
451 755 852 1888 1975 1976
754 852 1383 1888 1937
495 652 852 931 1937 2032
359 1389 1742 1878 1967
283 1185 1610 1820
258 292 805 806 953 1703 1932
283 579 583 584 611 619 1071 1610 1820
286 948 949 1035 1104 1106 1183
256 260 460 577 840 1238 1434 1837 1875
450 538 717 718 744 746 833 838 1383 1901 1983
286 905 1035 1293
16 1130 1448 1474 1564 1714 1811 2031
259 797 858 869 883
244 247 659 660 783 1158
578 1038 1345 1552
612 739 889 1297 1559
341 342 639 1287 2012
186 787 1072 1324 1818 1936 2020
256 260 644 840 1390 1627
655 963 1089 1097 1216 1454 1789 1963
188 233 775 951 1318 1513 1755 1897 1923
163 242 774 950 951 1755
232 233 777 1492 1513 1896
233 776 1117 1309 1768 1896
675 1099 1212 1586 1715
211 212 745 855 1096 1867 1999
650 703 1156 1391 1407 1505 1511
264 410 1134 1254
177 178 649 882 897 1257
151 155 244 247 767 804 1421 1659 1668 1752
647 748 1311 1989
174 493 649 999 1700
223 224 787 1101 1401
224 656 771 786 1072 1401 1936
344 412 532 625 789 1232 1261
607 625 788 1232 1689
1483 1744 1828 1868 1961 1971
251 792 793 1373 1549
251 402 791 793 1125 2023
791 792 1125 1549 1609 1906
429 430 432 731 737 1062 1887
259 796 1202 1510
259 795 872 1181 1510
259 605 766 858 859
547 621 1089 1216 1891
446 449 743 833 1888 1983
360 414 549 563 602 1615
1047 1052 1055 1058
1111 1240 1267 1268 1271 1629 1928
807 808 815 818 1506 1509 1753 1783
244 783 1659
292 759 817 821 1252 1703 1817
292 759 871 953
803 808 814 815 817 1033
803 807 814 818
1278 1279 1835 1899 1955
158 265 267 268 352 588 1396
258 285 470 924 958 1575
135 314 535 560 1110 1290 1908
362 1369 1584 1654
807 808 817 818 1703
803 807 822 841 1033 1783
287 823 837 873 884 2006
805 807 814 1033 1252 1438 1703
258 803 808 814 1575 1703 1753
32 58 906 1247
199 568 569 850 854 863 874 1200
292 805 842 871 1010 1793 1817
295 815 841 842 843 1033
816 866 873 1556 2006
26 512 546 895 1013 1131 1213 1407 1922 2013
17 18 101 971 972 1571
161 181 1100 1188 1544 1545 1548
225 565 914 977 1114 1877 2017
68 436 440 441 444 1581 1860
77 92 139 140 298 555 646
617 1103 1120 1203 1628 1711 1980
736 1420 1580 1974
90 647 1911 1918
743 763 799 838 1983
447 507 1974 1979
70 501 853 1256 1335 1997
232 916 1003 1337 1492
287 816 870 1621 1793 1813 2006
446 450 718 743 763 833
408 460 1457 1458 1807 1837
256 260 762 772
815 822 843 1509 1704 1783
295 821 822 865 1010 1033 1813 1817 2006
295 822 841 1093 1704 1780
356 499 917 1758
651 1761 1854 1916
371 373 1082 1224 1227 1330 1332 1595
315 654 690 692 713
204 241 995 1037 1294 1653 1738
299 596 600 1177 1905
32 820 854 863 1765
80 426 427 539 548 1040 1049 1399 1676
451 452 495 754 755 756 1937
281 411 835 856 1134 1256 1997
32 58 820 850 872 874 979 1510
1 779 988 1084 1092 1096 1999
281 709 853 879 1997
157 290 519 915 1348
605 766 797 861 883 929 1752
259 603 604 605 797
867 1349 1599 1686 1782
71 72 339 340 605 610 858 1095 1752 2029
212 290 964 965 991 1021 1027 1246
199 387 820 850 1765
40 372 1066 1109 1225 1993
842 1010 1793 1813
823 909 1556 1669 1780 2006
203 860 1349 1686 1765
313 399 400 1833 1853
159 259 526 562 766 883 929 1202
287 837 939 1621 1805
292 806 821 953 1621 1793
58 796 854 1181 1510
293 816 823 884 907 1556
568 820 854 904 979
1002 1163 1200 1949
131 887 966 1408 1838
240 1116 1119 1299 1493 1596 1641 1649
621 655 667 1677 1846
709 856 1600 1826 1997
26 103 650 1135 1302 1336 1391 1890
281 709 1134 1578 1973
200 493 649 782 999 1124 1192 1257
766 858 869 929
287 816 873 907
114 611 1610 1622 1634 1652 1709
326 1311 1506 1753
331 876 1326 1408 1827 1838
321 334 372 490 627 632 1078
541 612 739 769 1709
275 648 1076 1295 1550
271 297 892 1516 1518 1558
271 648 891 1297 1550 1558
271 1136 1469 1516 1525
120 512 606 2015 2016 2022
824 1213 1776 2013
166 269 274 1115 1667
177 178 782 914 1877
112 275 419 486 648 1250 1478 1538
119 1074 1521
218 219 1341 1592 1642
10 146 336 395 626 902 913 1416 1900
141 382 418 901 913 1179 1416 1734 1956
250 347 516 559 712 957
568 569 874 979 1005
286 293 764 948 959 1293 1556 2004
58 202 309 524 819 1247 2028
287 293 873 884 1035 1108 1183 1292 1805 2004
579 619 924 934 938 939 1771
866 959 1556 1669
91 349 1329 1393 1632
130 945 1326 1520 1576
328 384 1494 1990
75 141 395 901 902
178 827 897 977 1716 1877
157 520 569 857 1005 1069 1348
836 1003 1318 1492 1897 1904
356 499 844 1821 1822 1825 1834
656 674 747 1739 1818 1936 2019
44 45 47 640 1426
418 494 1174 1422
587 922 1355 1555 1722
74 921 1155 1355 1555
455 507 582 751 1392 1465 1969
285 811 908 934 938 958 1710
294 309 339 604 928
1279 1706 1835 1903 2007
594 1164 1200 1352 1486 1736
309 311 339 340 925 933 1015
157 248 519 562 858 869 883 1405 1752
1382 1386 1418 1464 1966
495 582 652 756 1415 1465 2027
338 446 581 735 1353 1419 1986
72 311 340 928 1950
285 908 924 1624 1638 1771
118 469 481 954 1070 1315 1537
31 49 50 55 514 525 983
68 439 443 740 1860
908 924 939 953 1621 1710
579 870 908 938 1108 1621 1805
459 1053 1054 1064 1450 1657 1864
147 615 678 1354 1720 1721 1794
689 729 1228 1231 1859
121 370 1237 1333 1645 1790
245 1117 1308 1409 1649 1653 1768
911 1009 1032 1326 1576 1612 1827
283 981 1104 1106 1185
196 333 998 1073 1220 1367
286 420 761 905 949 959 1070
420 761 948 981 1104
233 242 775 951 1409 1768
233 774 775 950
1265 1466 1467 1691 1880 1886
258 759 806 871 938 1621 1710
118 935 981 1537
335 1579 1628
256 644 661 1085 1307 1390 1429
249 250 559 903 1364
258 811 924 1710
424 425 905 909 948 1070 1507 1556 1574 1669 1982
46 365 366 549 573 602 1316 1447 1615
732 735 1353 1929
454 1381 1443 1966
773 1097 1789 1821 1824 1825
564 862 965 1021
289 290 564 862 964
131 587 876 1087 1154 1408 1442 2023
553 1012 1418 1549 1609 1906 1917 1966
32 1350 1428 1608 1765 1785
174 177 649 970 971 1836 1951
174 969 971
18 101 174 825 969 970 1951
18 182 515 825 1570 1571
144 682 1126 1554 1741 1944
199 975 1067 1157 1200 1949
680 974 1002 1157 1949
197 636 679 1113 1486 1920
827 914 1716 2017
316 631 642 1384 1385 1631
526 854 874 904 1005 1202 1510
257 1128 1149 1402 1764
118 284 420 946 949 954 1104 1185 1357 1537
991 1034 1063 1246 1348
30 49 50 936 1723
8 484 1205 1566 1938
390 496 992 1787 1841 1948
335 1241 1503 1579 1758 1919 1968
248 288 291 730 989
855 995 1092 1999
248 291 987 1405
419 469 648 1315 1907 2000
149 212 862 982 1063 1246
148 496 985 1787 1856
561 701 1219 1290 1706 1747 1812
214 215 216 996 1245 1300 1320 1327 1994
204 848 988 1092 1168 1294 1999
216 994 1245 1680
179 511 606 1086 1776 2013 2022
196 947 1220 1221 1730
200 491 493 785 882 1693 1700
13 353 403 415 1028 1517
378 383 1502 1792
197 594 679 680 875 975 1163 1949
836 916 1337
3 7 665 1169 1209 1289
157 159 210 526 569 904 915 979
382 1042 1186 1323
418 1036 1445 1935
25 324 385 1009 1032 1500 1557
945 1008 1032 1500 1612 1639 1827 1838
821 842 865 1793
355 498 1180 1423 2033
967 1125 1408 1609 1966 2023
512 824 1683 1922 1958 1970 2015
78 193 310 1338 1748
308 309 310 311 928 1338 1658
673 1233 1234 1729 1882 1885
264 677 1254 1866 2011
219 1340 1341 1843
1259 1467 1647 1810 1881 1942
454 510 1258 1467 1684 1690 1881
246 518 564 862 964 1027 1077
5 244 659 1023 1027 1084
518 659 1022 1027 1077
191 645 1190 1342 1962
2 1207 1473
2 645 1190 1204
1 212 518 862 1021 1022 1023 1084
13 403 1000 1029 1030 1031
681 1028 1030 1031
13 550 681 714 1028 1029
403 681 1028 1029
323 324 945 1008 1009 1576
807 815 817 822 842 1252 1438 1817
164 520 982 1063 1069 1140 1348
286 761 764 907 1183 1292 1293
389 1007 1445 1446 1935 1959
239 241 245 848 1653
578 768 1345 1430
6 719 1043 1614 1727
486 576 676 851 1143 1321 1399 1676
362 684 685 1369 1568
382 1006 1310 1323 1483 1734
6 94 719 1039
6 93 94 105 485 699 742
257 411 608 675 696 1051 1094 1150 1238
89 109 1056 1057 1769 1803
407 801 1052 1055
97 405 1052 1094 1457
80 428 548 851 1050 1062
80 428 741 1049 1356
461 696 1045 1052 1058 1094 1305
97 407 801 1047 1048 1051 1058 1094
459 940 1054 1057 1803
93 940 1053 1450 1681 1791 1803
89 407 708 801 1047 1058
89 109 654 708 1046
459 1046 1053 1118 1769 1803
461 462 708 801 1051 1052 1055 1800
273 274 1345 1560 1617 1658
1061 1260 1574 1986
338 1060 1260 1986
428 432 548 737 741 794 1049 1356
149 164 211 982 991 1034 2010
6 22 742 940 1450 1460 1461 1462 1569 1657
321 372 1082 1225 1226 1594
372 375 864 1078 1993
160 199 614 974 1157 1170
22 66 1369 1461 1462
520 569 915 1034 1140 1200
118 420 424 481 483 935 948 959
611 619 760 1255 1624
771 787 1324 1401 1429 1869
54 333 571 658 947 1317 1367
115 119 899 1281 1497 1521
42 43 56 73 371 1223 1331
270 271 890 1295 1469 1525 1550
246 247 518 659 660 1021 1023 1158
372 374 375 632 888 1066
82 104 599 617 1194 1215 1437 1579 1829 1968
361 543 1283 2003
409 412 532 663 1147
846 1065 1226 1330 1332 1594
548 629 1264 1395 1561 1625
1 5 855 1022 1027 1092
956 1301 1307 1429 1602
179 180 997 1328 1482 1531 2022
402 966 1154 1442 1849 2023
171 337 1160 1162 1403
773 798 1216 1454 1852 1891 1912
14 1389 1741 1801 1878 1944 1945
34 358 627 722 1762
5 855 988 995 1084 1168
843 1507 1669 1704 1780
1045 1048 1051 1052 1238 1457
61 72 364 488 610 861
1 212 779 855
773 963 1454 1455 1823 1824
79 555 556 591 1177
778 1146 1149 1586 1715 1764
826 1476 1544 1545 1924
223 224 786 1670 1699 1740
337 387 620 1161 1195 1199 1291 1400 1403
586 701 830 1120 1530 1543 1628 1898
761 946 949 981 1106
1271 1272 1273 1562 1584
283 583 761 946 1104 1183
28 1111 1273 1562
579 584 907 939 1183 1805
40 63 322 864 1225
137 314 341 342 812 1380 1908
28 802 1107 1267 1268 1271 1562
489 610 1633 2029
191 197 976 1920
225 565 827 1390 1627 1921
166 274 896 1617 1748
245 877 1299 1308 1649
777 944 1309 1523 1649 1768
459 1057 1153 1769 1778
241 319 877 1493 1596
357 830 1103 1203 1530 1661 1762
154 158 209 542
117 739 1315 1537 2002
121 329 727 1208 1645 1815
178 252 882 1192 1257 1716 1781 2026
792 793 1012 1609 2023
144 682 973 1274 1322 1553
379 380 567 1142 1274 1322 1554
257 980 1238 1301 1307 1325 1402 1601 1602
184 185 1222 1228 1231 1940
765 1221 1366 1564 1714 1730
26 195 638 824 1213 1909
16 354 702 1148 1221 1474
411 677 1150 1254 2011
281 410 411 413 703 781 853 881 1254 1511 1973
228 669 880 1138 1302 1391 1512
154 297 893 1262 1469 1516
84 228 1138 1312 1563 1655 1847
150 228 634 1135 1137 1302 1563 1802
114 208 267 276 541 630 1141 1489 1638 1726 1746
164 580 1034 1069 1200 1867
255 276 470 473 1139 1573 1746
567 1127 1554 1741
112 676 1040 1321 1934
323 324 738 1519 1809
572 624 628 663 1147
263 1099 1150 1586 1764
412 572 663 1081 1145
1132 1221 1448 1474 1564
257 980 1099 1715 1764
263 411 608 677 1045 1133 1146 1586
234 1275 1376 1996
142 391 394 1635 1842 1883
97 406 458 459 566 1118 1778 1864
587 966 1087 1355 1849 1853
74 385 626 922 1555
103 650 780 1407
197 680 974 975 1067 1170
659 660 767 1077
414 551 563 1359 1598
171 1088 1162 1166 1204
337 1102 1162 1166 1400
337 1088 1160 1161 1166
594 875 1002 1200
204 927 1165 1200 1736 1867
204 1164 1193 1736
1160 1161 1162 1204 1207 1400
296 489 670 671 1633
5 995 1092 1294
60 665 1004 1187 1209 1839
160 191 197 1067 1157 1962
67 181 689 728 729 1198 1230 1253 1472 1548
320 1593 1594 1645 1815 1988
665 1180 1471 1756 2008
205 418 920 1422
231 570 683 752 1991
653 1425 1447 1872 1916 2030
467 556 591 596 598 849 1098 1816 1905
152 153 191
332 380 381 418 902 1310 1734
355 1011 1173 1756 2008 2033
58 259 796 872
153 191 1603 1614 1727 1876 1920
583 584 761 907 1035 1106 1108
169 456 1927 1977
283 758 946 981 1357 1610 1709
382 500 1006 1323
59 60 1169 1209
161 826 1532 1548 1646 1819
96 231 350 502 575 643 752 1673 1705
645 1024 1026 1204 1342
175 187 1857 1863 2034
200 509 882 1124 2026
204 636 1165 1736 1738
41 82 599 1079 1263 1760 1993
1102 1196 1199 1291 1895
1195 1199 1384 1895
354 502 574 575 643
162 181 1171 1472
316 1102 1195 1196 1384 1400
199 569 594 820 875 927 974 1069 1140 1163 1164 1867 1949
721 1365 1743 1970 2015 2016
259 526 795 869 979 1510
490 617 632 830 1120 1762
2 171 1026 1160 1166 1190 1207 1342
8 484 623 693 984 1789 1811
91 570 752 1359 1404 1673 1767
2 1025 1166 1204 1343 1400 1406 1473
37 329 1123 1815 2037
59 414 1004 1169 1187 1289
62 100 402 1368 1529 1848 1849
133 1660 1862 1930
257 675 778 1715
195 824 895 1131 1776
132 133 201 465 706 1757
617 1079 1829 1980 1981
621 655 773 798 1089
262 474 1312 1417 1847
727 1344 1772 1773
345 560 993 1239 1290 1459 1747
333 623 947 998 1306 1730
196 354 574 998 1130 1132 1148 1564 1730
185 230 344 625 1129 1940
42 55 371 514 525 1075 1224
51 371 373 514 846 1223
63 372 864 1065 1109 1226
63 1065 1082 1225 1332
63 373 846 1332
184 729 942 1129 1231
92 491 607 625 1689 1693 1694 1788
67 728 1171 1985
185 942 1129 1228 1859
137 140 314 409 532 646 788 789 1689
534 598 1016 1234 1477 1875 1885
673 1016 1233 1477
73 369 370 653 1236 1425
73 370 1235 1237
56 73 370 943 1236 1790
256 257 762 1045 1094 1128 1307 1457 1837
345 463 628 1219 1459 1616 1620 1735
802 1277 1629 1630 1928 1955
64 601 986 1248 1436 1503 1919 1938
664 1258 1744 1957 1961
330 376 377 1244 1501 1801 1868
376 1243 1774 1801
994 996 1327
290 862 982 991 1348
32 202 819 906 1785
64 65 463 1241 1411 1435 1436 1620
272 273 274 278 1345 1551 1552
143 275 277 513 578 898 1478 1479
378 384 471 664 1953 1957
805 817 1033 1438 1817
67 1171 1548 1682 1732 1985
264 411 781 1017 1133 1134 2011
619 1071 1624 1771
411 501 835 853
178 782 882 1124
14 454 1020 1242 1389 1685 1690 1957 1960 1961
1019 1467 1647 1886 1942
338 440 740 1060 1061 1574
344 412 571 572 716 788
154 297 542 1136 1488 1514 1678
374 375 1194 1760 1993
39 432 548 1083 1625
528 734 952 1466 1470 1522 1691 1861
505 515 1475 1542 1570 1613 1931
802 1111 1268
28 802 1111 1267 1695 1928
457 1607
123 392 1351 1750 1804 1947
534 598 802 1105 1111 1562 1584 1629 1905
1105 1273 1562
28 1105 1107 1272 1562 1584 1654
682 1126 1127 1322 1553 1554
234 236 1151 1376 1896
418 1414 1445 1446
1240 1278 1695 1903 1928 1955
809 1277 1279 1903 1955
809 926 1278 1835 1903
122 427 1370 1939 1941
115 1074 1497 1666
116 431 433 1497 1666
543 701 1080 1662 1706 2007
213 217 220 221 1712 1751 1998
95 96 350 1319 1393 1449
319 1588 1596 1614 1784 1796
299 342 561 770 1905 2012
124 152 153 645 1487 1504
7 48 366 368 414 533 573 1004 1209 1316 2025
560 561 585 812 993 1219 1908
203 387 620 1102 1195 1895
907 1035 1293 2004
764 905 1035 1292 2004
5 848 995 1168 1653
270 275 890 1076 1296
270 272 275 278 1295
612 648 769 892 1315 1558 1559
392 418 494 1422 1841 1842 1884
240 245 877 1116 1339
214 994
1085 1128 1307 1325 1602
880 1135 1138 1336 1802
161 592 638 1777 1909
461 462 1305 1754 1775
461 686 696 1051 1304 1775
125 333 484 497 623 1220 2038
256 956 1085 1128 1238 1301
245 944 1116 1649
236 777 1117 1523 1896
381 1042 1179 1483 1496 1501 1734 1774
647 748 784 886 1506
84 228 474 487 1137 1217 1512 1847
226 227 307 1456
71 261 733 1421 1499 1528 1663
469 648 739 935 990 1122 1297 1537 1559
365 366 533 640 960 1289
571 658 716 1073 1491 1541 1688
774 916 1897 1923
91 350 1285 1393 1673
216 221 994 1387 1590 1994 1998
19 576 629 1040 1143 1719 1934
29 144 317 380 1126 1127 1274 1879
383 500 530 1006 1042 1186 1483
186 661 771 1072 1869
1128 1301 1602
130 331 887 911 945 1443 1827
215 994 1245 1893
180 195 592 638 1086 1482 1819
120 349 910 1365 1632 2016
846 1082 1333 1594 1595
9 56 371 1075
63 846 1082 1226 1227
9 943 1330 1594 1595 1645 1790
74 127 398 399 698 1830
69 70 501 835 1535
880 1302 1802 1890
232 836 1003 1994
310 1014 1015 1658 1748
239 240 245 1299
219 1018 1588 1591 1606 1650 1843 1844
219 900 1018 1642 1843
160 171 1024 1190 1204 1962
2 316 710 1207 1400 1406 1527
57 317 727 1218 1773 1879
273 318 768 1038 1059 1249 1430 1552 1560
98 187 1623 1836 2020 2021
146 396 397 1431 1850 1858 1900
290 520 857 915 982 1034 1246
860 867 1350 1765 1782
968 1349 1608 1765 1782
87 392 1270 1750 1855 1871
636 927 1486 1736
581 735 753 932 961 1388 1929
147 615 941 1540 1625
74 587 921 922 1154 1853
428 741 1050 1062
284 981 1185 1709
151 163 242 472 476 477 1413 1572
59 60 551 1159 1206 1404 1598 1637 1666 1743 1767
129 251 1529 1640
492 1693 1700 1859
529 1372 1661 1662 1697
95 96 249 643 1377 1378 1449
249 559 957 2014
721 1201 1329 1404 1632 2016
623 1130 1714 1730 1811
54 196 325 947 1073
13 62 128 129 550 1210 1640 1848
66 362 684 813 1041 1068 1461 1584
80 427 1280 1941
145 357 358 529 1372
145 312 388 529 1362 1371 1697
4 251 791 1549 1917
125 484 497 624 628 1735 1910 2038
234 237 1605 1606 1650 1995
235 236 1151 1275 1996
249 1363 1378
249 643 1363 1377 1379
229 249 325 643 1378 1491 1688
77 79 137 341 464 646 1110 1717
454 510 582 962 1464 1966 1969 2027
652 930 1386 1464 2032
717 755 763 1888 1937 1983
316 978 1196 1199 1385 1895
637 978 1384 1599 1631 1679 1686 1895
538 746 930 1382 1418 2032
216 1320 1590 1680
435 753 1353 1737 1894 1929
14 110 359 757 1090 1258 1685 1878
225 644 661 772 956 1114 1627
650 669 780 880 1135 1505
99 495 751 923 1415 1465
91 349 910 1285 1319 1449
715 1573 1587 1675
19 147 629 1083 1625 1718
158 267 630 810 1515 2005
539 1398 1399
88 422 426 539 1397 1399 1907
88 486 539 851 1040 1397 1398
316 1102 1161 1166 1199 1207 1343
223 635 786 787 1072 1429 1601
635 750 980 1128 1601 1764
171 199 337 387 614 1088 1102
91 721 1206 1359 1365 1632 1743
248 291 519 929 989
2 1207 1343 1473
103 545 546 703 780 824 1156 1922 1958
331 876 887 966 1012 1966 2023
5 242 243 244 944 950 1653 1768
674 1655 1656 1672 1699 1739 1740
1248 1435 1620 1735 1910
126 145 388 1414
151 155 242 1358
36 126 388 418 1276 1412 1446
495 931 1392 1465
10 382 506 901 902 1770
262 264 307 1217 1456 1611 1656 1847 1866
168 538 553 930 967 1386 1966
338 446 932 1420 1965 1974 1975 1979
448 723 736 831 1419 1965 1974
71 783 1314 1663 1664 1668 1752 1943
205 390 494 920 1174 1298 1841
498 1011 1705 2033
317 369 672 1728 1873
369 651 653 1176 1235 1916
45 640 919 1872
31 47 533 640
32 968 1785
661 956 1072 1085 1401 1601 1602 1869
318 578 1038 1345
12 127 397 1347 1432 1900
12 127 1431 1439 1830
23 408 749 1453 1799
534 577 695 762 1452 1875
1248 1411 1436 1566 1910
1241 1248 1435 1566 1938
82 104 1079
817 1033 1252
12 1432 1830
250 347 348 349
76 87 394 1635 1870 1933
966 1087 2023
130 331 454 471 962 1326 1577 1966
33 38 83 404 622
418 1007 1036 1276 1446
388 1036 1276 1414 1445 1959
46 602 960 1176 1872 1916
765 1148 1474 1564
95 249 348 349 1285 1363 1393
742 940 1054 1064 1681
172 188 255 715 1573 1851 1915
460 577 695 1434
20 23 749 1433 1657
773 1089 1097 1455 1912
1097 1454 1822 1823 1912
227 307 1313 1417 1866
405 408 839 1048 1094 1238 1837
24 460 839 1806 1807 1814
1219 1239 1567 1616 1747 1786 1812
6 1064 1568 1569 1614
684 1064 1068 1369 1462 1569
22 1064 1068 1461
305 1508 1648 1737 1911 2024
652 930 1381 1382 1966 2027
582 923 931 1392 1415
528 952 1265 1886 1942
952 1019 1020 1259 1647 1684 1880 1881 1886
385 1555 1639 1722 1838
154 209 270 893 1076 1136 1525 1667
558 1265 1522 1861 1926
3 7 30 368 665 1173 2008
162 505 689 1171 1198 1475 1613
2 1025 1207 1406
16 765 1132 1148 1448
505 1266 1472 1613
711 720 1100 1545 1613 1777 1924 1931
253 598 673 1233 1234 1533 1984
86 112 143 527 898 1250 1721
143 513 609 616 1250
150 176 634 1802 1890
330 377 1828 1960 1971
1086 1328 1531 1646 1819
530 790 1042 1310 1323 1496 1744 1868
110 558 593 657 668
115 1521 1637 1666
594 636 679 927 976 1352
124 1288 1504 1527 1892
206 207 208 297 1262 1514 1518 1674
208 541 1139 1674
61 158 166 209 269 363 588 589 1633
54 325 658 1317 1379 1688
232 776 836 916 1513 1904
239 240 241 877 1119
384 912 1792 1990
1789 1811 1963 2031
1310 1483 1501 1868
119 433 434 1074 1281 1282 1666
11 513 609 613 618 703 1540 1743 1958
261 265 266 1314 1528 1746
385 1008 1009 1639
376 1243 1310 1496 1774 1868
378 383 530 1001
335 601 986 1241 1898
153 165 189 1288 1487 1603 1892
669 780 1391 1511 1512
647 803 886 1311 1509 1753 1918
435 959 1093 1574 1669 1704 1986
435 1463 1509 1737 1911 1918
435 803 841 1506 1508 1704 1783 1918
795 796 854 872 979 1202
413 703 780 1134 1505 1512
228 413 487 669 1135 1312 1505 1511 1583
233 774 776 1492 1897 1904
206 207 1262 1488 1515 1678 2005
158 1396 1514 1678 2005
271 297 891 893 1136
353 401 403 1000 1831
297 891 1488 1558 1674 1795
336 506 738 1144 1809
130 911 1576 1577 1589 1953
115 119 657 899 1074 1485 1522 1637
119 429 558 657 731 734 1265 1470 1521
235 236 238 1117 1309 1596 1649
102 279 318 1618
271 893 1076 1469
102 194 279 1618 1782 1925
2 124 280 642 710 1343 1487 1892
473 1314 1499 1663 1746
62 251 402 1210 1360 1640
701 1103 1120 1661 1662
120 1086 1482 1646 2022
161 592 1188 1819
81 253 598 1477 1534 1660
81 597 1533 1660 1816 1862 1930
69 189 411 501 691 696 1335 1754 1775
437 438 1574 1581 1954 1982
117 284 935 954 981 1122 1315 2002
88 419 486 898 1907
421 426 427 540 1713 1874
39 613 615 1354 1498 1625 1666 1743
344 633 716 1317 1687 1688
182 183 505 515 689 1266
586 701 1103 1786
162 181 826 1100 1613 1924
161 826 1100 1476 1777
323 386 1576 1589 1696 1698 1990
120 349 521 522 523
181 826 1171 1188 1253 1646 1682 1733
791 793 967 1373 1906 1917
271 648 890 892 1076
275 277 278 1249 1552
277 578 768 1249 1345 1551
682 1126 1274
682 973 1127 1142 1274 1741
385 921 922 1155 1468 1722
293 823 866 873 905 909 959
25 385 626 1008 1809
612 891 892 1297 1518 1795
739 769 1297 1315
102 194 318 479 1059 1345 1658
548 576 629 1083 1676
1105 1107 1111 1271 1272 1273
150 1137 1138 1655 2001
765 1130 1148 1221 1448
108 111 690 692 1889
484 984 1435 1436 1910 1938
64 601 1459 1616 1725 1786 1898
685 1041 1460 1569
684 685 1064 1460 1461 1568
515 972 1266 1571 1619 1931
17 825 972 1570 1619
163 172 254 476 477 1358
255 470 715 1141 1394 1451 1675
436 440 959 1060 1260 1507 1536 1581 1982 1986
258 326 470 811 818 1753
323 911 945 1032 1520 1546 1589
130 471 1443 1520 1953
709 881 1745 1973
335 955 986 1079 1628 1829 1968
99 447 552 736 831 1974
436 437 441 442 828 1536 1574
458 1769 1778 1779
262 410 413 474 487 1512 1585
66 534 813 1105 1271 1273 1369 1654
262 264 410 1583
608 675 778 1099 1146 1150
1394 1675
213 235 1286 1340 1591 1596 1606 1692
328 1520 1546 1576 1696 1953
1320 1387 1680 1998
213 218 219 1340 1588
213 218 900 1642 1643
320 334 622 1172 1766 1988
321 1065 1082 1172 1330 1333 1645 1988
9 371 846 1330 1333
235 238 319 877 1119 1286 1523 1588 1641
69 70 165 189 280
59 414 1159 1359
637 641 860 1385 1679 1686 1782 1925
280 282 641 709 879 1745 1826 1925
635 1128 1401 1402 1429 1602
1085 1128 1301 1325 1429 1601
153 189 1182 1504 1754 1876
1701 1843 1844
234 1375 1642 1650 1701 1707 1843 1844
237 1340 1375 1588 1650 1692
457 504 1269
478 968 1350 1782 1785
793 967 1012 1125 1906
611 758 760 885 1185 1709 1820
226 307 1417 1656 1670 1671 1672
945 1009 1827
162 1266 1472 1475 1476 1544 1924 1931
6 416 1039 1182 1286 1460 1727 1784 1920
549 602 800 960
463 1239 1459 1567 1725
274 1059 1115 1658 1748
279 282 318 513 578 1524 1526 1925
17 173 198 1570 1571 1931
463 1239 1248 1411 1735
837 870 871 938 939 953 1793
611 885 1652
98 186 1346 2021
611 934 1071 1255 1638 1652 1771
39 147 1083 1264 1354 1395 1540
33 36 37 38 418 531 2037
260 772 1114 1390 1921
335 830 955 1103 1579 1711 1829 1898
802 1240 1271 1630 1905
561 1240 1629 1899 1905 1955
631 637 978 1385
91 910 1329 1365 1404
61 351 489 589 610 670 1112 1167 1490
114 541 885 1709
76 113 312 391 394 1152 1441 1840 1856 1987
213 217 220 1642 1643 1708
551 593 657 1359 1485 1521 1666
114 276 285 934 1139 1624 1652
385 1009 1468 1500 1838
62 129 1360 1368 1529
238 877 1596 1649
900 1341 1592 1605 1636 1643 1707 1708 1843
213 1592 1636 1642
417 482 1738 1784 1796
121 943 1123 1172 1333 1594 1815
120 521 1188 1482 1531 1548 1733 1819
1019 1259 1467
304 1463 1702 1911 2024
238 877 944 1116 1117 1308 1523 1641
1340 1375 1605 1606 1844
312 361 543 1987
114 611 885 1622 1624 1638
5 245 848 944 1037 1294 1409
28 813 1273 1584 1903
175 674 747 1137 1410 1563 1656 1847 2001 2018
1410 1417 1611 1655 1671 1672 1847
20 22 406 749 940 1064 1453 1864
308 479 1015 1059 1338 1560 1617 1748
155 243 244 783 804
133 253 1211 1533 1534 1930
357 529 1120 1362 1530 1662
543 701 1283 1362 1530 1661 1697
473 1314 1421 1528 1664
190 192 473 1421 1663 1943
190 192 472 1668
39 115 116 432 1281 1282 1359 1485 1497 1540 1637 1743
209 269 270 272 274 896 1469
151 190 472 783 1421 1665 1943
866 909 959 1093 1507 1780
223 226 635 750 1101 1611 1672 1699
1611 1656 1672
1410 1611 1656 1670 1671 1699
91 350 752 1189 1206 1319
208 541 1488 1489 1518 1795
470 1394 1573 1587
548 576 851 1040 1561
15 51 53 655 878 1723 1846
158 542 1262 1514 1515
1385 1599 1686
216 996 1387 1590
93 699 742 1054 1450
521 522 1253 1548 1732 1733
11 1013 1743 1958 1970
725 726 1020 1467 1690 1861 1880
110 668 725 1258 1389 1690
203 860 867 1385 1599 1679 1895
230 344 559 633 1541
229 633 1317 1379 1491 1541
92 139 140 607 789 1229 1232
725 1020 1258 1684 1685
952 1265 1861 1880
235 237 1588 1606 1995 1996
185 491 625 999 1229 1361 1700 1859
132 201 491 509 1229 1757 1788
28 1268 1277 1903 1928
328 1546 1589 1990
312 543 1362 1372 1662
383 386 506 1546 1770 1990
1101 1410 1670 1672 1740
18 174 182 492 785 999 1361 1693
1604 1605 1843 1844
90 304 457 647 1648 1911 1989
258 759 805 814 817 818 1932
435 841 843 1093 1507 1509
231 498 502 694 1189 1423 2033
561 701 926 993 1283 1835 1899 2007
220 232 234 1605 1642 1708 1712 1751
220 1636 1642 1707
117 284 541 739 885 889 1185 1357 1610 1634
258 924 938 953 958
830 1628 1829 1980 1981
220 1284 1707 1751
122 427 1539 1874
765 1130 1366 1811
257 778 1099 1149 1212
178 914 977 1124 1759 1781 2017
79 464 591 596 600 1380
19 147 1395 1719 1794
19 687 1321 1718 1794 1934
86 143 609 613 615 618 941 1721
86 527 678 941 1478 1720
131 587 921 1468 1555 1838
30 50 51 53 983 1677 2008
421 423 475 480 2000
64 65 463 1567 1616
266 267 268 1139 1746
106 705 719 1039 1182 1614 1876
367 369 468 672 1424 1761 1967
252 673 1016 1882 1984
623 998 1130 1220 1221 1366
425 429 734 1939 1941
184 522 712 1253 1682 1985
521 1548 1646 1682
382 902 1042 1179 1310
628 1239 1374 1411 1620 1910
636 927 1164 1165 1193 1352
305 435 445 753 1388 1463 1508 2009
204 241 319 416 417 482 636 848 1193 1644 1920
224 656 674 918 1410 1740
224 1101 1410 1699 1739
327 567 973 1090 1142 1554 1774 1801 1944
757 1878 1944 1945 1967
11 721 1201 1359 1404 1498 1540 1666 1683 1970
378 530 664 790 1242 1483 1961
282 709 1578 1600 1973
266 473 1139 1141 1499 1528 1726
993 1219 1459 1812
78 166 1014 1115 1338 1617 1658
294 603 604 605
87 123 1270 1351 1870
221 232 1284 1707 1712
71 247 248 783 858 861 929 1421
326 803 818 886 1506 1575
189 462 713 1304 1535 1603 1775 1800 1876
163 188 254 774 775 1914
231 536 537 665 683 1173 1180 2033
201 590 706 1214 1694 1763 1788
356 499 844 986 1919 1968
565 1716 1781 1882 2017
374 599 617 1194 1263
369 651 845 1728 1854 1967
357 358 490 627 1091 1120 1203
298 466 556 590 706 1757
226 263 750 980 1099 1146 1149 1402
32 203 387 850 863 867 968 1349 1350
321 334 1593 1988
60 570 1206 1359
233 777 944 950 1117 1409
89 407 1046 1057 1118 1582 1778 1779
382 383 500 506 1416 1698
619 908 934 1255 1624
29 329 531 727 1218 1773 1879
1218 1344 1772 1879
327 332 376 379 381 1244 1310 1501 1741 1801
686 691 1304 1305 1535 1754
195 511 895 997 1213 2013
161 711 1303 1476 1545 1909
458 1118 1153 1582 1769
97 407 458 1582 1769
295 843 866 1093 1669 2006
252 1124 1716 1759 1882
194 478 860 1349 1350 1526 1599 1608 1925
803 815 841 1509
416 417 1286 1614 1644 1796
32 202 478 479 968 1247 1428 1608
586 701 1459 1543 1567 1812 1898
148 389 985 992 1948
92 590 1229 1694 1757
693 773 963 1205 1495 1811 1821 1963
9 56 943 1237 1333
93 697 1054 1798 1803
378 383 384 1001 1494 1990
821 837 865 871 1010 1621 1813
147 678 687 941 1718 1719
541 612 1518 1558 1674
319 482 1286 1644 1784
394 1855 1883
93 105 108 485 697 1791 1889
23 24 408 1433 1807
462 708 713 1058 1754
14 330 1090 1243 1244 1741 1774 1960
634 1138 1302 1336 1480 1890
109 697 1046 1053 1054 1057 1791
392 393 1270 1884 1947
287 870 907 939 1108
23 24 1458 1814 1964
24 408 839 1458 1799
437 438 441 442 455 700
25 324 336 626 1144 1519 1557
455 554 700 1019 1881 1942
623 765 1205 1366 1495 1714 1789 2031
701 993 1459 1747 1786
837 842 865 1793 2006
66 460 695 1458 1806 1964
37 320 508 1123 1172 1208 1645
466 467 556 597 1177 1534 1862
805 821 842 1033 1252
771 918 1936 2019 2020
592 1188 1328 1482 1532 1646
283 758 760 1610
8 356 693 917 963 1789 1825
41 104 499 917 1455 1823 1824 1834 1912 1968
1097 1455 1822 1824
963 1097 1822 1823 1825 1834
917 963 1821 1824 1834
70 280 879 1600 1997
887 945 1009 1326 1612 1838
790 1481 1960 1961 1971
1079 1215 1579 1628 1711 1981
127 398 1334 1432 1439 1831
398 401 698 1517 1830
399 401 415 698 1833
313 399 415 868 1832
917 1822 1824 1825
809 926 1279 1706 1899
98 177 187 969 1346 1857 1877 1951
460 762 839 1238 1457
131 876 887 1009 1468 1639 1722 1827
60 536 537 570 665 1169
76 113 396 1635 1850
390 496 985 1298 1422 1842
142 391 392 496 1152 1298 1841
1018 1340 1341 1604 1605 1642 1701 1844
1340 1604 1605 1650 1701 1843
744 1927 1972 1978 1992
51 63 373 517 667 878 1677 1913
1137 1217 1312 1417 1655 1656
13 100 313 400 1210 1368
100 400 402 1087 1154 1210 1853
113 396 397 1347 1840
188 715 724 1451 1923
52 322 517 547 1089 1891 1912
74 399 400 868 1154 1355 1849
359 360 845 1761 1916 1967
87 394 1351 1797 1871 1883
148 312 391 496 992 1635 1959
101 187 1191 1836 1863 1951
75 146 395 396 1347
183 185 492 689 942 1231 1361 1693
68 443 444 828 937
557 726 1265 1470 1684 1691 1880 1926
133 465 466 1211 1534 1816 1930
101 175 1191 1857 1952
406 459 940 1153 1657
68 439 440 740
227 264 677 1017 1417 1456
204 580 745 779 1140 1164 1200 1999
377 790 1243 1483 1496 1501 1971
661 1072 1324 1429
75 87 123 1441 1750 1933
142 392 1351 1855 1883
45 46 365 640 1176 1426 1447 2030
317 367 672 1424
122 421 423 1539 1713
260 534 762 1233 1434 1885 1921
111 315 690 705 713 1182 1603 1727 1754
98 177 225 827 897 914 1836
757 1090 1389 1742 1945
29 317 1322 1344 1772 1773
952 1467 1684 1691 1861
510 554 1019 1020 1467 1810
252 565 1016 1729 1759 1781 1885 1921
142 394 1152 1797 1855 1871
392 393 418 1298 1804
1016 1233 1875 1882 1921
952 1259 1466 1467 1942
430 431 433 731 794
449 754 755 799 1383 1976 1983
108 692 697 1565 1798
26 176 880 1336 1480 1802 1909
547 798 1089 1852
165 280 1487 1504 1527
214 215 1327
435 732 735 1388 1929 1986
203 1195 1196 1291 1384 1385 1686
232 234 236 776 777 1275 1309
774 916 1318 1513 1904
335 586 601 1103 1503 1567 1628 1786
561 809 1630 1706 1835 1955
127 146 626 901 1347 1431
538 744 763 1902 1992
170 538 1901 1992
28 926 1277 1278 1279 1654 1695
916 1492 1513 1897
299 561 598 849 1177 1271 1287 1629 1630
793 967 1549 1609
88 419 422 990 1398 1538 2000
342 585 812 1110 1290
26 156 176 638 711 1131 1303 1777 1890
484 1374 1411 1435 1566 1735
90 832 1463 1508 1648 1702 1918
40 41 322 1089 1454 1455 1822 1852
63 322 517 666 1846
188 254 1755 1915
172 188 254 1451 1914
360 602 651 845 1176 1425 1447 1854
553 967 1373 1549
647 832 1506 1508 1509 1911
356 986 1241 1758 1938
191 416 636 976 1113 1182 1614 1738
260 565 1114 1627 1875 1882 1885
824 1013 1407 1958
188 222 724 774 1318 1851
1100 1476 1544 1613
282 641 1526 1599 1600 1618 1782
557 558 668 1470 1861
446 456 581 595 744 1184 1845 1972 1977
802 1240 1268 1277 1695
732 961 1353 1388 1894
1211 1534 1660 1862
173 720 1266 1476 1570 1613 1619
258 759 1703
75 76 1441 1870
112 527 678 687 1143 1321 1719
205 389 390 418 1007 1036 1948
656 771 787 918 1818
717 755 756 852 1383 2032
8 356 984 1241 1436 1566 1919
122 425 1280 1731 1941
184 230 1129 1222
80 429 1280 1370 1731 1939
528 662 700 1019 1259 1466 1810 1886
190 1421 1664 1668
144 973 1090 1741 1742 1945 1967
1090 1742 1878 1944
303 304 305 306 456 2024
123 141 393 1270 1804 1956
389 390 985 1787 1935
875 974 975 1002 1200
72 78 193 311 488 933
101 969 971 1836 1857
17 85 101 175 198 1863
328 384 471 1251 1520 1577 1589
438 662 688 700 734 1536 1982
809 1240 1277 1278 1630 1899
141 393 418 902 1947
454 471 664 1242 1251 1258
11 703 1013 1407 1498 1683 1922
148 312 388 389 1036 1446 1856
14 330 1258 1481 1801 1828 1961
790 1242 1258 1744 1828 1960
160 191 1024 1170 1342
655 773 1495 1789 2031
21 22 23 66 1806 1814
723 1419 1420 1975 2036
331 930 962 967 1012 1381 1408 1418 1443 1464
144 359 468 757 1728 1742 1761 1854 1944
104 499 986 1079 1579 1758 1822
455 510 554 582 923 1381
1013 1201 1683 1743 2015
377 790 1481 1828 1868
169 1845 1927 1977 1978
282 703 881 1134 1578 1745
447 831 834 1419 1420 1580 1979
446 451 452 754 1419 1965 1976 2035 2036
446 449 754 1888 1975
169 1184 1927 1972
167 169 170 1845 1972 1992
338 443 455 507 834 1419 1974
617 830 1215 1711 1981
1215 1711 1829 1980
425 734 959 1536 1574 1954
763 799 833 1383 1888
252 253 673 1477 1729
67 184 728 1230 1253 1732
338 435 735 932 1060 1061 1507 1574 1894
113 312 1635 1651
321 1172 1593 1594 1766
647 784 1702
328 383 912 1494 1546 1696 1698 1792
231 752 1175
170 744 1845 1901 1902 1978
40 41 375 864 1066 1194 1263
221 232 994 1320 1337
234 237 1375 1692 1996
234 235 1151 1376 1692 1995
70 835 853 856 879 1826
221 1284 1320 1590
204 779 855 988 995 1867
421 422 469 480 990 1724 1907
85 150 175 1563 1655
117 1122 1537
361 1080
293 905 907 1292 1293
207 208 630 1396 1514 1515
295 816 823 837 842 866 1780 1813
926 1283 1706
30 53 355 1173 1180 1471 1723
300 301 302 305 445 1737
164 211 580 745 1063
677 1017 1133 1254
299 600 639 770 1287
512 606 824 895 997 1776
229 249 559 633 1364
512 894 1013 1201 1970 2016
120 894 1201 1329 1365 2015
565 827 977 1716 1759
175 747 1655 2019 2034
747 918 1818 2018 2020 2034
186 187 771 1346 1818 2019 2021 2034
186 1346 1623 2020
120 606 894 997 1086 1531
402 792 966 1012 1087 1125 1408 1442
304 305 1463 1648 1946
31 48 533 1289
133 252 253 509 1124 1192
582 652 931 1381 1464
202 308 524 906
71 489 610 671 861 1112
44 45 653 1176 1872
15 16 655 765 1495 1811 1963
652 717 746 756 1382 1386 1937
231 1011 1180 1423 1705 1756
175 187 1191 2018 2019 2020
452 453 552 723 1975 2036
723 1965 1975 2035
37 329 531 1208 1626
484 497 1306 1374
